10722.230000 0.000415
10723.100000 0.000451
10723.970000 0.000471
10724.840000 0.000491
10725.710000 0.000512
10726.580000 0.000532
10727.450000 0.000552
10728.320000 0.000558
10729.190000 0.000545
10730.060000 0.000532
10730.930000 0.000520
10731.800000 0.000507
10732.670000 0.000494
10733.540000 0.000485
10734.410000 0.000478
10735.280000 0.000471
10736.150000 0.000464
10737.030000 0.000456
10737.900000 0.000449
10738.770000 0.000461
10739.640000 0.000475
10740.510000 0.000488
10741.380000 0.000502
10742.250000 0.000515
10743.120000 0.000527
10744.000000 0.000532
10744.870000 0.000536
10745.740000 0.000541
10746.610000 0.000545
10747.480000 0.000550
10748.350000 0.000559
10749.230000 0.000573
10750.100000 0.000587
10750.970000 0.000601
10751.840000 0.000615
10752.710000 0.000628
10753.590000 0.000637
10754.460000 0.000643
10755.330000 0.000649
10756.200000 0.000656
10757.080000 0.000662
10757.950000 0.000669
10758.820000 0.000691
10759.690000 0.000713
10760.570000 0.000735
10761.440000 0.000757
10762.310000 0.000779
10763.190000 0.000796
10764.060000 0.000803
10764.930000 0.000809
10765.810000 0.000816
10766.680000 0.000822
10767.550000 0.000828
10768.430000 0.000841
10769.300000 0.000859
10770.170000 0.000877
10771.050000 0.000896
10771.920000 0.000914
10772.790000 0.000932
10773.670000 0.000937
10774.540000 0.000938
10775.420000 0.000940
10776.290000 0.000941
10777.170000 0.000943
10778.040000 0.000946
10778.910000 0.000959
10779.790000 0.000972
10780.660000 0.000985
10781.540000 0.000998
10782.410000 0.001011
10783.290000 0.001045
10784.160000 0.001111
10785.040000 0.001177
10785.910000 0.001243
10786.790000 0.001309
10787.660000 0.001375
10788.540000 0.001416
10789.410000 0.001444
10790.290000 0.001472
10791.160000 0.001500
10792.040000 0.001528
10792.910000 0.001556
10793.790000 0.001613
10794.660000 0.001673
10795.540000 0.001732
10796.420000 0.001791
10797.290000 0.001850
10798.170000 0.001903
10799.040000 0.001935
10799.920000 0.001966
10800.790000 0.001998
10801.670000 0.002030
10802.550000 0.002062
10803.420000 0.002085
10804.300000 0.002102
10805.180000 0.002119
10806.050000 0.002136
10806.930000 0.002153
10807.810000 0.002169
10808.680000 0.002214
10809.560000 0.002265
10810.440000 0.002315
10811.310000 0.002366
10812.190000 0.002417
10813.070000 0.002468
10813.950000 0.002527
10814.820000 0.002585
10815.700000 0.002644
10816.580000 0.002702
10817.460000 0.002761
10818.330000 0.002821
10819.210000 0.002884
10820.090000 0.002947
10820.970000 0.003010
10821.840000 0.003073
10822.720000 0.003136
10823.600000 0.003207
10824.480000 0.003280
10825.360000 0.003353
10826.230000 0.003426
10827.110000 0.003500
10827.990000 0.003573
10828.870000 0.003662
10829.750000 0.003751
10830.630000 0.003840
10831.500000 0.003929
10832.380000 0.004018
10833.260000 0.004109
10834.140000 0.004206
10835.020000 0.004303
10835.900000 0.004400
10836.780000 0.004496
10837.660000 0.004593
10838.540000 0.004700
10839.420000 0.004812
10840.290000 0.004924
10841.170000 0.005036
10842.050000 0.005149
10842.930000 0.005261
10843.810000 0.005379
10844.690000 0.005498
10845.570000 0.005617
10846.450000 0.005736
10847.330000 0.005855
10848.210000 0.005977
10849.090000 0.006104
10849.970000 0.006232
10850.850000 0.006360
10851.730000 0.006487
10852.610000 0.006615
10853.490000 0.006796
10854.370000 0.007014
10855.250000 0.007231
10856.130000 0.007449
10857.010000 0.007667
10857.900000 0.007884
10858.780000 0.008081
10859.660000 0.008276
10860.540000 0.008471
10861.420000 0.008666
10862.300000 0.008862
10863.180000 0.009074
10864.060000 0.009341
10864.940000 0.009609
10865.830000 0.009876
10866.710000 0.010144
10867.590000 0.010411
10868.470000 0.010686
10869.350000 0.010966
10870.230000 0.011246
10871.120000 0.011525
10872.000000 0.011804
10872.880000 0.012084
10873.760000 0.012377
10874.640000 0.012673
10875.530000 0.012968
10876.410000 0.013263
10877.290000 0.013558
10878.170000 0.013871
10879.050000 0.014243
10879.940000 0.014615
10880.820000 0.014987
10881.700000 0.015360
10882.580000 0.015732
10883.470000 0.016143
10884.350000 0.016587
10885.230000 0.017029
10886.120000 0.017472
10887.000000 0.017915
10887.880000 0.018359
10888.770000 0.018850
10889.650000 0.019348
10890.530000 0.019845
10891.420000 0.020343
10892.300000 0.020841
10893.180000 0.021359
10894.070000 0.021948
10894.950000 0.022537
10895.830000 0.023126
10896.720000 0.023715
10897.600000 0.024304
10898.490000 0.024957
10899.370000 0.025657
10900.260000 0.026357
10901.140000 0.027058
10902.020000 0.027758
10902.910000 0.028459
10903.790000 0.029258
10904.680000 0.030066
10905.560000 0.030875
10906.450000 0.031683
10907.330000 0.032492
10908.220000 0.033331
10909.100000 0.034254
10909.990000 0.035177
10910.870000 0.036100
10911.760000 0.037024
10912.640000 0.037947
10913.530000 0.038959
10914.410000 0.040026
10915.300000 0.041094
10916.180000 0.042161
10917.070000 0.043229
10917.950000 0.044297
10918.840000 0.045529
10919.730000 0.046768
10920.610000 0.048007
10921.500000 0.049246
10922.380000 0.050487
10923.270000 0.051794
10924.160000 0.053249
10925.040000 0.054706
10925.930000 0.056161
10926.810000 0.057618
10927.700000 0.059076
10928.590000 0.060655
10929.470000 0.062297
10930.360000 0.063938
10931.250000 0.065580
10932.130000 0.067222
10933.020000 0.068871
10933.910000 0.070745
10934.790000 0.072620
10935.680000 0.074494
10936.570000 0.076370
10937.460000 0.078243
10938.340000 0.080188
10939.230000 0.082235
10940.120000 0.084285
10941.010000 0.086335
10941.890000 0.088385
10942.780000 0.090435
10943.670000 0.092707
10944.560000 0.095050
10945.440000 0.097393
10946.330000 0.099736
10947.220000 0.102080
10948.110000 0.104458
10949.000000 0.107062
10949.880000 0.109669
10950.770000 0.112273
10951.660000 0.114880
10952.550000 0.117487
10953.440000 0.120206
10954.330000 0.123035
10955.210000 0.125866
10956.100000 0.128699
10956.990000 0.131534
10957.880000 0.134367
10958.770000 0.137397
10959.660000 0.140458
10960.550000 0.143522
10961.440000 0.146584
10962.330000 0.149649
10963.220000 0.152730
10964.110000 0.155879
10965.000000 0.159028
10965.880000 0.162177
10966.770000 0.165326
10967.660000 0.168476
10968.550000 0.171830
10969.440000 0.175311
10970.330000 0.178797
10971.220000 0.182292
10972.110000 0.185792
10973.000000 0.189289
10973.890000 0.192995
10974.780000 0.196698
10975.670000 0.200407
10976.560000 0.204116
10977.460000 0.207825
10978.350000 0.211555
10979.240000 0.215316
10980.130000 0.219075
10981.020000 0.222821
10981.910000 0.226567
10982.800000 0.230313
10983.690000 0.234115
10984.580000 0.237938
10985.470000 0.241756
10986.360000 0.245580
10987.250000 0.249403
10988.150000 0.253214
10989.040000 0.256981
10989.930000 0.260747
10990.820000 0.264510
10991.710000 0.268273
10992.600000 0.272036
10993.500000 0.275830
10994.390000 0.279649
10995.280000 0.283473
10996.170000 0.287293
10997.060000 0.291113
10997.960000 0.294938
10998.850000 0.298637
10999.740000 0.302331
11000.630000 0.306029
11001.520000 0.309728
11002.420000 0.313426
11003.310000 0.317069
11004.200000 0.320599
11005.090000 0.324129
11005.990000 0.327659
11006.880000 0.331190
11007.770000 0.334721
11008.670000 0.338118
11009.560000 0.341461
11010.450000 0.344809
11011.350000 0.348156
11012.240000 0.351500
11013.130000 0.354810
11014.030000 0.357869
11014.920000 0.360927
11015.810000 0.363987
11016.710000 0.367046
11017.600000 0.370105
11018.490000 0.373056
11019.390000 0.375916
11020.280000 0.378772
11021.170000 0.381629
11022.070000 0.384489
11022.960000 0.387349
11023.860000 0.389919
11024.750000 0.392473
11025.650000 0.395027
11026.540000 0.397581
11027.440000 0.400135
11028.330000 0.402592
11029.220000 0.404867
11030.120000 0.407141
11031.010000 0.409416
11031.910000 0.411693
11032.800000 0.413969
11033.700000 0.416012
11034.590000 0.417977
11035.490000 0.419945
11036.380000 0.421911
11037.280000 0.423879
11038.170000 0.425804
11039.070000 0.427518
11039.970000 0.429232
11040.860000 0.430947
11041.760000 0.432661
11042.650000 0.434376
11043.550000 0.435949
11044.440000 0.437417
11045.340000 0.438887
11046.240000 0.440356
11047.130000 0.441827
11048.030000 0.443295
11048.920000 0.444513
11049.820000 0.445731
11050.720000 0.446949
11051.610000 0.448168
11052.510000 0.449386
11053.410000 0.450526
11054.300000 0.451560
11055.200000 0.452595
11056.100000 0.453629
11056.990000 0.454663
11057.890000 0.455698
11058.790000 0.456577
11059.690000 0.457430
11060.580000 0.458306
11061.480000 0.459195
11062.380000 0.460082
11063.270000 0.460931
11064.170000 0.461674
11065.070000 0.462417
11065.970000 0.463160
11066.870000 0.463903
11067.760000 0.464646
11068.660000 0.465319
11069.560000 0.465961
11070.460000 0.466585
11071.350000 0.467192
11072.250000 0.467799
11073.150000 0.468387
11074.050000 0.468850
11074.950000 0.469313
11075.850000 0.469776
11076.750000 0.470241
11077.640000 0.470704
11078.540000 0.471126
11079.440000 0.471516
11080.340000 0.471906
11081.240000 0.472297
11082.140000 0.472687
11083.040000 0.473077
11083.940000 0.473395
11084.830000 0.473712
11085.730000 0.474030
11086.630000 0.474348
11087.530000 0.474666
11088.430000 0.474966
11089.330000 0.475245
11090.230000 0.475523
11091.130000 0.475802
11092.030000 0.476081
11092.930000 0.476359
11093.830000 0.476592
11094.730000 0.476817
11095.630000 0.477044
11096.530000 0.477270
11097.430000 0.477496
11098.330000 0.477714
11099.230000 0.477917
11100.130000 0.478120
11101.030000 0.478324
11101.930000 0.478527
11102.830000 0.478730
11103.730000 0.478904
11104.630000 0.479071
11105.540000 0.479237
11106.440000 0.479403
11107.340000 0.479569
11108.240000 0.479732
11109.140000 0.479880
11110.040000 0.480028
11110.940000 0.480176
11111.840000 0.480324
11112.740000 0.480473
11113.650000 0.480620
11114.550000 0.480767
11115.450000 0.480913
11116.350000 0.481060
11117.250000 0.481207
11118.150000 0.481352
11119.060000 0.481488
11119.960000 0.481624
11120.860000 0.481760
11121.760000 0.481896
11122.670000 0.482032
11123.570000 0.482154
11124.470000 0.482266
11125.370000 0.482378
11126.270000 0.482489
11127.180000 0.482602
11128.080000 0.482713
11128.980000 0.482818
11129.890000 0.482924
11130.790000 0.483029
11131.690000 0.483134
11132.590000 0.483240
11133.500000 0.483346
11134.400000 0.483455
11135.300000 0.483563
11136.210000 0.483671
11137.110000 0.483779
11138.010000 0.483887
11138.920000 0.483974
11139.820000 0.484060
11140.720000 0.484177
11141.630000 0.484301
11142.530000 0.484424
11143.440000 0.484542
11144.340000 0.484652
11145.240000 0.484762
11146.150000 0.484871
11147.050000 0.484981
11147.960000 0.485091
11148.860000 0.485200
11149.770000 0.485310
11150.670000 0.485391
11151.580000 0.485463
11152.480000 0.485535
11153.380000 0.485604
11154.290000 0.485667
11155.190000 0.485731
11156.100000 0.485794
11157.000000 0.485858
11157.910000 0.485921
11158.810000 0.485970
11159.720000 0.486016
11160.620000 0.486062
11161.530000 0.486108
11162.440000 0.486154
11163.340000 0.486196
11164.250000 0.486230
11165.150000 0.486263
11166.060000 0.486297
11166.960000 0.486330
11167.870000 0.486363
11168.780000 0.486378
11169.680000 0.486388
11170.590000 0.486398
11171.490000 0.486408
11172.400000 0.486418
11173.310000 0.486433
11174.210000 0.486462
11175.120000 0.486491
11176.030000 0.486521
11176.930000 0.486550
11177.840000 0.486579
11178.750000 0.486607
11179.650000 0.486633
11180.560000 0.486660
11181.470000 0.486687
11182.370000 0.486714
11183.280000 0.486740
11184.190000 0.486767
11185.100000 0.486794
11186.000000 0.486821
11186.910000 0.486848
11187.820000 0.486875
11188.730000 0.486901
11189.630000 0.486927
11190.540000 0.486953
11191.450000 0.486979
11192.360000 0.487005
11193.260000 0.487030
11194.170000 0.487049
11195.080000 0.487069
11195.990000 0.487088
11196.900000 0.487108
11197.810000 0.487127
11198.710000 0.487152
11199.620000 0.487180
11200.530000 0.487231
11201.440000 0.487298
11202.350000 0.487366
11203.260000 0.487435
11204.170000 0.487506
11205.070000 0.487578
11205.980000 0.487649
11206.890000 0.487721
11207.800000 0.487792
11208.710000 0.487866
11209.620000 0.487942
11210.530000 0.487995
11211.440000 0.488033
11212.350000 0.488070
11213.260000 0.488110
11214.170000 0.488161
11215.080000 0.488212
11215.990000 0.488262
11216.900000 0.488313
11217.810000 0.488363
11218.720000 0.488420
11219.630000 0.488480
11220.540000 0.488540
11221.450000 0.488600
11222.360000 0.488660
11223.270000 0.488715
11224.180000 0.488749
11225.090000 0.488784
11226.000000 0.488819
11226.910000 0.488854
11227.820000 0.488889
11228.730000 0.488919
11229.640000 0.488947
11230.550000 0.488975
11231.460000 0.489003
11232.380000 0.489032
11233.290000 0.489063
11234.200000 0.489102
11235.110000 0.489142
11236.020000 0.489182
11236.930000 0.489222
11237.840000 0.489262
11238.760000 0.489298
11239.670000 0.489332
11240.580000 0.489367
11241.490000 0.489401
11242.400000 0.489436
11243.320000 0.489468
11244.230000 0.489496
11245.140000 0.489524
11246.050000 0.489552
11246.960000 0.489580
11247.880000 0.489609
11248.790000 0.489630
11249.700000 0.489650
11250.610000 0.489670
11251.530000 0.489689
11252.440000 0.489709
11253.350000 0.489724
11254.270000 0.489730
11255.180000 0.489736
11256.090000 0.489741
11257.000000 0.489747
11257.920000 0.489753
11258.830000 0.489742
11259.740000 0.489727
11260.660000 0.489713
11261.570000 0.489698
11262.480000 0.489684
11263.400000 0.489672
11264.310000 0.489665
11265.230000 0.489658
11266.140000 0.489651
11267.050000 0.489644
11267.970000 0.489638
11268.880000 0.489643
11269.800000 0.489651
11270.710000 0.489689
11271.620000 0.489735
11272.540000 0.489781
11273.450000 0.489818
11274.370000 0.489843
11275.280000 0.489868
11276.200000 0.489893
11277.110000 0.489919
11278.030000 0.489943
11278.940000 0.489949
11279.860000 0.489954
11280.770000 0.489926
11281.690000 0.489892
11282.600000 0.489858
11283.520000 0.489826
11284.430000 0.489797
11285.350000 0.489767
11286.260000 0.489738
11287.180000 0.489708
11288.090000 0.489679
11289.010000 0.489639
11289.930000 0.489599
11290.840000 0.489559
11291.760000 0.489520
11292.670000 0.489480
11293.590000 0.489434
11294.510000 0.489382
11295.420000 0.489330
11296.340000 0.489278
11297.250000 0.489226
11298.170000 0.489174
11299.090000 0.489118
11300.000000 0.489061
11300.920000 0.489005
11301.840000 0.488948
11302.750000 0.488892
11303.670000 0.488820
11304.590000 0.488738
11305.510000 0.488656
11306.420000 0.488574
11307.340000 0.488492
11308.260000 0.488413
11309.170000 0.488345
11310.090000 0.488277
11311.010000 0.488209
11311.930000 0.488141
11312.850000 0.488073
11313.760000 0.487997
11314.680000 0.487918
11315.600000 0.487839
11316.520000 0.487760
11317.430000 0.487681
11318.350000 0.487603
11319.270000 0.487528
11320.190000 0.487453
11321.110000 0.487377
11322.030000 0.487302
11322.940000 0.487227
11323.860000 0.487154
11324.780000 0.487082
11325.700000 0.487010
11326.620000 0.486938
11327.540000 0.486866
11328.460000 0.486794
11329.380000 0.486721
11330.290000 0.486660
11331.210000 0.486625
11332.130000 0.486590
11333.050000 0.486555
11333.970000 0.486522
11334.890000 0.486488
11335.810000 0.486455
11336.730000 0.486422
11337.650000 0.486389
11338.570000 0.486361
11339.490000 0.486337
11340.410000 0.486297
11341.330000 0.486235
11342.250000 0.486174
11343.170000 0.486113
11344.090000 0.486067
11345.010000 0.486022
11345.930000 0.485976
11346.850000 0.485931
11347.770000 0.485885
11348.690000 0.485859
11349.610000 0.485844
11350.530000 0.485830
11351.450000 0.485815
11352.370000 0.485801
11353.300000 0.485788
11354.220000 0.485784
11355.140000 0.485780
11356.060000 0.485776
11356.980000 0.485771
11357.900000 0.485767
11358.820000 0.485764
11359.740000 0.485761
11360.670000 0.485758
11361.590000 0.485755
11362.510000 0.485752
11363.430000 0.485748
11364.350000 0.485742
11365.270000 0.485737
11366.200000 0.485732
11367.120000 0.485727
11368.040000 0.485722
11368.960000 0.485696
11369.890000 0.485668
11370.810000 0.485640
11371.730000 0.485612
11372.650000 0.485584
11373.580000 0.485578
11374.500000 0.485596
11375.420000 0.485613
11376.340000 0.485630
11377.270000 0.485647
11378.190000 0.485667
11379.110000 0.485715
11380.040000 0.485764
11380.960000 0.485850
11381.880000 0.485936
11382.800000 0.486022
11383.730000 0.486120
11384.650000 0.486225
11385.580000 0.486330
11386.500000 0.486435
11387.420000 0.486540
11388.350000 0.486646
11389.270000 0.486757
11390.190000 0.486859
11391.120000 0.486931
11392.040000 0.487003
11392.970000 0.487075
11393.890000 0.487158
11394.820000 0.487243
11395.740000 0.487328
11396.660000 0.487414
11397.590000 0.487499
11398.510000 0.487585
11399.440000 0.487673
11400.360000 0.487763
11401.290000 0.487854
11402.210000 0.487945
11403.140000 0.488036
11404.060000 0.488122
11404.990000 0.488208
11405.910000 0.488294
11406.840000 0.488380
11407.760000 0.488466
11408.690000 0.488564
11409.610000 0.488669
11410.540000 0.488774
11411.470000 0.488880
11412.390000 0.488985
11413.320000 0.489087
11414.240000 0.489180
11415.170000 0.489272
11416.090000 0.489365
11417.020000 0.489457
11417.950000 0.489550
11418.870000 0.489648
11419.800000 0.489747
11420.730000 0.489846
11421.650000 0.489945
11422.580000 0.490044
11423.510000 0.490135
11424.430000 0.490214
11425.360000 0.490294
11426.290000 0.490373
11427.210000 0.490452
11428.140000 0.490532
11429.070000 0.490614
11429.990000 0.490696
11430.920000 0.490778
11431.850000 0.490860
11432.780000 0.490941
11433.700000 0.491018
11434.630000 0.491091
11435.560000 0.491165
11436.490000 0.491238
11437.410000 0.491311
11438.340000 0.491379
11439.270000 0.491425
11440.200000 0.491479
11441.130000 0.491565
11442.050000 0.491650
11442.980000 0.491735
11443.910000 0.491809
11444.840000 0.491880
11445.770000 0.491952
11446.700000 0.492023
11447.620000 0.492095
11448.550000 0.492162
11449.480000 0.492225
11450.410000 0.492270
11451.340000 0.492293
11452.270000 0.492317
11453.200000 0.492339
11454.130000 0.492343
11455.060000 0.492347
11455.990000 0.492351
11456.910000 0.492354
11457.840000 0.492358
11458.770000 0.492356
11459.700000 0.492352
11460.630000 0.492347
11461.560000 0.492343
11462.490000 0.492339
11463.420000 0.492333
11464.350000 0.492324
11465.280000 0.492315
11466.210000 0.492306
11467.140000 0.492297
11468.070000 0.492288
11469.000000 0.492287
11469.930000 0.492287
11470.860000 0.492287
11471.790000 0.492287
11472.720000 0.492286
11473.660000 0.492259
11474.590000 0.492210
11475.520000 0.492161
11476.450000 0.492111
11477.380000 0.492062
11478.310000 0.492012
11479.240000 0.491956
11480.170000 0.491900
11481.100000 0.491845
11482.040000 0.491789
11482.970000 0.491733
11483.900000 0.491670
11484.830000 0.491606
11485.760000 0.491542
11486.690000 0.491477
11487.620000 0.491413
11488.560000 0.491351
11489.490000 0.491293
11490.420000 0.491252
11491.350000 0.491232
11492.290000 0.491212
11493.220000 0.491193
11494.150000 0.491175
11495.080000 0.491158
11496.010000 0.491141
11496.950000 0.491123
11497.880000 0.491106
11498.810000 0.491094
11499.750000 0.491083
11500.680000 0.491042
11501.610000 0.490990
11502.540000 0.490938
11503.480000 0.490882
11504.410000 0.490819
11505.340000 0.490756
11506.280000 0.490692
11507.210000 0.490629
11508.140000 0.490565
11509.080000 0.490513
11510.010000 0.490461
11510.950000 0.490409
11511.880000 0.490357
11512.810000 0.490305
11513.750000 0.490270
11514.680000 0.490244
11515.620000 0.490219
11516.550000 0.490194
11517.480000 0.490168
11518.420000 0.490142
11519.350000 0.490113
11520.290000 0.490084
11521.220000 0.490055
11522.160000 0.490026
11523.090000 0.489997
11524.030000 0.489989
11524.960000 0.489983
11525.900000 0.489977
11526.830000 0.489972
11527.770000 0.489966
11528.700000 0.489950
11529.640000 0.489927
11530.570000 0.489904
11531.510000 0.489882
11532.440000 0.489859
11533.380000 0.489852
11534.310000 0.489899
11535.250000 0.489947
11536.180000 0.489994
11537.120000 0.490041
11538.060000 0.490088
11538.990000 0.490161
11539.930000 0.490236
11540.860000 0.490348
11541.800000 0.490463
11542.740000 0.490577
11543.670000 0.490706
11544.610000 0.490846
11545.550000 0.490986
11546.480000 0.491126
11547.420000 0.491267
11548.360000 0.491412
11549.290000 0.491580
11550.230000 0.491738
11551.170000 0.491866
11552.100000 0.491995
11553.040000 0.492123
11553.980000 0.492270
11554.920000 0.492420
11555.850000 0.492569
11556.790000 0.492719
11557.730000 0.492868
11558.670000 0.493028
11559.600000 0.493197
11560.540000 0.493365
11561.480000 0.493534
11562.420000 0.493703
11563.350000 0.493876
11564.290000 0.494067
11565.230000 0.494257
11566.170000 0.494448
11567.110000 0.494638
11568.050000 0.494829
11568.980000 0.495034
11569.920000 0.495240
11570.860000 0.495446
11571.800000 0.495653
11572.740000 0.495859
11573.680000 0.496086
11574.620000 0.496329
11575.560000 0.496573
11576.490000 0.496817
11577.430000 0.497061
11578.370000 0.497304
11579.310000 0.497547
11580.250000 0.497789
11581.190000 0.498031
11582.130000 0.498274
11583.070000 0.498516
11584.010000 0.498758
11584.950000 0.499000
11585.890000 0.499242
11586.830000 0.499484
11587.770000 0.499726
11588.710000 0.499959
11589.650000 0.500184
11590.590000 0.500435
11591.530000 0.500701
11592.470000 0.500968
11593.410000 0.501237
11594.350000 0.501515
11595.290000 0.501794
11596.230000 0.502072
11597.170000 0.502351
11598.110000 0.502630
11599.050000 0.502895
11600.000000 0.503160
11600.940000 0.503385
11601.880000 0.503610
11602.820000 0.503835
11603.760000 0.504054
11604.700000 0.504268
11605.640000 0.504483
11606.580000 0.504697
11607.530000 0.504912
11608.470000 0.505123
11609.410000 0.505329
11610.350000 0.505534
11611.290000 0.505740
11612.230000 0.505946
11613.180000 0.506151
11614.120000 0.506339
11615.060000 0.506526
11616.000000 0.506714
11616.950000 0.506902
11617.890000 0.507089
11618.830000 0.507252
11619.770000 0.507402
11620.710000 0.507553
11621.660000 0.507703
11622.600000 0.507854
11623.540000 0.508006
11624.490000 0.508158
11625.430000 0.508310
11626.370000 0.508463
11627.320000 0.508615
11628.260000 0.508763
11629.200000 0.508863
11630.150000 0.508969
11631.090000 0.509110
11632.030000 0.509250
11632.980000 0.509391
11633.920000 0.509523
11634.860000 0.509653
11635.810000 0.509782
11636.750000 0.509912
11637.700000 0.510041
11638.640000 0.510155
11639.580000 0.510252
11640.530000 0.510327
11641.470000 0.510383
11642.420000 0.510440
11643.360000 0.510491
11644.310000 0.510521
11645.250000 0.510551
11646.200000 0.510581
11647.140000 0.510611
11648.080000 0.510641
11649.030000 0.510633
11649.970000 0.510620
11650.920000 0.510607
11651.860000 0.510594
11652.810000 0.510582
11653.750000 0.510554
11654.700000 0.510516
11655.650000 0.510477
11656.590000 0.510439
11657.540000 0.510401
11658.480000 0.510354
11659.430000 0.510286
11660.370000 0.510217
11661.320000 0.510149
11662.270000 0.510081
11663.210000 0.510012
11664.160000 0.509911
11665.100000 0.509811
11666.050000 0.509710
11667.000000 0.509609
11667.940000 0.509508
11668.890000 0.509414
11669.840000 0.509322
11670.780000 0.509230
11671.730000 0.509137
11672.680000 0.509045
11673.620000 0.508944
11674.570000 0.508831
11675.520000 0.508718
11676.470000 0.508605
11677.410000 0.508492
11678.360000 0.508378
11679.310000 0.508259
11680.250000 0.508152
11681.200000 0.508074
11682.150000 0.507996
11683.100000 0.507918
11684.050000 0.507831
11684.990000 0.507744
11685.940000 0.507657
11686.890000 0.507569
11687.840000 0.507482
11688.790000 0.507386
11689.730000 0.507286
11690.680000 0.507157
11691.630000 0.507016
11692.580000 0.506875
11693.530000 0.506741
11694.480000 0.506619
11695.420000 0.506498
11696.370000 0.506376
11697.320000 0.506254
11698.270000 0.506132
11699.220000 0.506008
11700.170000 0.505883
11701.120000 0.505759
11702.070000 0.505634
11703.020000 0.505510
11703.970000 0.505402
11704.920000 0.505298
11705.870000 0.505194
11706.810000 0.505090
11707.760000 0.504986
11708.710000 0.504883
11709.660000 0.504781
11710.610000 0.504680
11711.560000 0.504579
11712.510000 0.504477
11713.460000 0.504374
11714.410000 0.504268
11715.370000 0.504162
11716.320000 0.504056
11717.270000 0.503950
11718.220000 0.503844
11719.170000 0.503767
11720.120000 0.503695
11721.070000 0.503659
11722.020000 0.503622
11722.970000 0.503586
11723.920000 0.503560
11724.870000 0.503537
11725.820000 0.503515
11726.770000 0.503492
11727.730000 0.503470
11728.680000 0.503467
11729.630000 0.503484
11730.580000 0.503476
11731.530000 0.503453
11732.480000 0.503429
11733.440000 0.503404
11734.390000 0.503372
11735.340000 0.503341
11736.290000 0.503309
11737.240000 0.503277
11738.200000 0.503245
11739.150000 0.503259
11740.100000 0.503273
11741.050000 0.503287
11742.000000 0.503302
11742.960000 0.503316
11743.910000 0.503337
11744.860000 0.503361
11745.820000 0.503384
11746.770000 0.503408
11747.720000 0.503431
11748.670000 0.503461
11749.630000 0.503497
11750.580000 0.503532
11751.530000 0.503568
11752.490000 0.503604
11753.440000 0.503642
11754.390000 0.503688
11755.350000 0.503734
11756.300000 0.503780
11757.250000 0.503826
11758.210000 0.503872
11759.160000 0.503955
11760.120000 0.504039
11761.070000 0.504122
11762.020000 0.504206
11762.980000 0.504289
11763.930000 0.504370
11764.890000 0.504449
11765.840000 0.504529
11766.800000 0.504608
11767.750000 0.504688
11768.710000 0.504771
11769.660000 0.504857
11770.610000 0.504970
11771.570000 0.505098
11772.520000 0.505225
11773.480000 0.505355
11774.430000 0.505491
11775.390000 0.505627
11776.340000 0.505763
11777.300000 0.505899
11778.260000 0.506036
11779.210000 0.506171
11780.170000 0.506300
11781.120000 0.506394
11782.080000 0.506489
11783.030000 0.506584
11783.990000 0.506685
11784.950000 0.506789
11785.900000 0.506892
11786.860000 0.506996
11787.810000 0.507100
11788.770000 0.507201
11789.730000 0.507300
11790.680000 0.507400
11791.640000 0.507500
11792.600000 0.507599
11793.550000 0.507691
11794.510000 0.507768
11795.470000 0.507846
11796.420000 0.507923
11797.380000 0.508000
11798.340000 0.508077
11799.290000 0.508147
11800.250000 0.508215
11801.210000 0.508278
11802.170000 0.508341
11803.120000 0.508404
11804.080000 0.508461
11805.040000 0.508518
11806.000000 0.508575
11806.950000 0.508631
11807.910000 0.508688
11808.870000 0.508743
11809.830000 0.508798
11810.790000 0.508887
11811.740000 0.508984
11812.700000 0.509081
11813.660000 0.509169
11814.620000 0.509249
11815.580000 0.509328
11816.540000 0.509408
11817.490000 0.509488
11818.450000 0.509560
11819.410000 0.509609
11820.370000 0.509642
11821.330000 0.509650
11822.290000 0.509657
11823.250000 0.509665
11824.210000 0.509665
11825.170000 0.509666
11826.120000 0.509667
11827.080000 0.509668
11828.040000 0.509668
11829.000000 0.509657
11829.960000 0.509642
11830.920000 0.509628
11831.880000 0.509613
11832.840000 0.509599
11833.800000 0.509570
11834.760000 0.509530
11835.720000 0.509490
11836.680000 0.509450
11837.640000 0.509410
11838.600000 0.509372
11839.560000 0.509337
11840.520000 0.509302
11841.480000 0.509268
11842.440000 0.509233
11843.410000 0.509195
11844.370000 0.509142
11845.330000 0.509088
11846.290000 0.509035
11847.250000 0.508982
11848.210000 0.508929
11849.170000 0.508852
11850.130000 0.508779
11851.090000 0.508742
11852.050000 0.508705
11853.020000 0.508669
11853.980000 0.508639
11854.940000 0.508612
11855.900000 0.508585
11856.860000 0.508557
11857.830000 0.508530
11858.790000 0.508495
11859.750000 0.508453
11860.710000 0.508381
11861.670000 0.508298
11862.640000 0.508215
11863.600000 0.508135
11864.560000 0.508059
11865.520000 0.507984
11866.490000 0.507908
11867.450000 0.507833
11868.410000 0.507755
11869.370000 0.507664
11870.340000 0.507572
11871.300000 0.507481
11872.260000 0.507389
11873.230000 0.507298
11874.190000 0.507205
11875.150000 0.507113
11876.120000 0.507021
11877.080000 0.506929
11878.040000 0.506836
11879.010000 0.506755
11879.970000 0.506677
11880.930000 0.506598
11881.900000 0.506520
11882.860000 0.506442
11883.820000 0.506371
11884.790000 0.506306
11885.750000 0.506241
11886.720000 0.506175
11887.680000 0.506110
11888.650000 0.506048
11889.610000 0.505991
11890.570000 0.505959
11891.540000 0.505943
11892.500000 0.505927
11893.470000 0.505911
11894.430000 0.505894
11895.400000 0.505876
11896.360000 0.505858
11897.330000 0.505841
11898.290000 0.505826
11899.260000 0.505870
11900.220000 0.505904
11901.190000 0.505907
11902.160000 0.505910
11903.120000 0.505913
11904.090000 0.505915
11905.050000 0.505917
11906.020000 0.505920
11906.980000 0.505922
11907.950000 0.505924
11908.920000 0.505930
11909.880000 0.505939
11910.850000 0.505947
11911.810000 0.505955
11912.780000 0.505963
11913.750000 0.505969
11914.710000 0.505972
11915.680000 0.505976
11916.650000 0.505979
11917.610000 0.505983
11918.580000 0.505991
11919.550000 0.506010
11920.510000 0.506028
11921.480000 0.506046
11922.450000 0.506065
11923.420000 0.506088
11924.380000 0.506131
11925.350000 0.506175
11926.320000 0.506218
11927.280000 0.506262
11928.250000 0.506305
11929.220000 0.506362
11930.190000 0.506419
11931.160000 0.506475
11932.120000 0.506532
11933.090000 0.506588
11934.060000 0.506651
11935.030000 0.506715
11936.000000 0.506779
11936.960000 0.506843
11937.930000 0.506907
11938.900000 0.506967
11939.870000 0.507023
11940.840000 0.507116
11941.810000 0.507214
11942.770000 0.507313
11943.740000 0.507401
11944.710000 0.507479
11945.680000 0.507558
11946.650000 0.507637
11947.620000 0.507715
11948.590000 0.507816
11949.560000 0.507963
11950.530000 0.508087
11951.500000 0.508192
11952.470000 0.508297
11953.440000 0.508404
11954.410000 0.508514
11955.380000 0.508624
11956.350000 0.508734
11957.320000 0.508845
11958.290000 0.508955
11959.260000 0.509065
11960.230000 0.509176
11961.200000 0.509286
11962.170000 0.509396
11963.140000 0.509507
11964.110000 0.509612
11965.080000 0.509716
11966.050000 0.509820
11967.020000 0.509924
11967.990000 0.510028
11968.960000 0.510145
11969.930000 0.510266
11970.900000 0.510388
11971.870000 0.510509
11972.840000 0.510631
11973.820000 0.510763
11974.790000 0.510905
11975.760000 0.511046
11976.730000 0.511188
11977.700000 0.511329
11978.670000 0.511452
11979.650000 0.511548
11980.620000 0.511670
11981.590000 0.511807
11982.560000 0.511945
11983.530000 0.512078
11984.510000 0.512200
11985.480000 0.512320
11986.450000 0.512441
11987.420000 0.512562
11988.390000 0.512682
11989.370000 0.512792
11990.340000 0.512886
11991.310000 0.512953
11992.290000 0.513021
11993.260000 0.513088
11994.230000 0.513135
11995.200000 0.513182
11996.180000 0.513229
11997.150000 0.513275
11998.120000 0.513322
11999.100000 0.513367
12000.070000 0.513412
12001.040000 0.513463
12002.020000 0.513513
12002.990000 0.513564
12003.960000 0.513613
12004.940000 0.513662
12005.910000 0.513710
12006.890000 0.513758
12007.860000 0.513807
12008.830000 0.513859
12009.810000 0.513915
12010.780000 0.513971
12011.760000 0.514027
12012.730000 0.514083
12013.710000 0.514137
12014.680000 0.514188
12015.660000 0.514240
12016.630000 0.514291
12017.600000 0.514343
12018.580000 0.514395
12019.550000 0.514447
12020.530000 0.514523
12021.500000 0.514618
12022.480000 0.514713
12023.460000 0.514803
12024.430000 0.514871
12025.410000 0.514939
12026.380000 0.515007
12027.360000 0.515075
12028.330000 0.515142
12029.310000 0.515193
12030.290000 0.515231
12031.260000 0.515238
12032.240000 0.515246
12033.210000 0.515254
12034.190000 0.515248
12035.170000 0.515241
12036.140000 0.515234
12037.120000 0.515227
12038.090000 0.515220
12039.070000 0.515209
12040.050000 0.515198
12041.020000 0.515187
12042.000000 0.515176
12042.980000 0.515164
12043.960000 0.515130
12044.930000 0.515086
12045.910000 0.515041
12046.890000 0.514996
12047.860000 0.514952
12048.840000 0.514919
12049.820000 0.514896
12050.800000 0.514872
12051.770000 0.514849
12052.750000 0.514826
12053.730000 0.514805
12054.710000 0.514789
12055.680000 0.514773
12056.660000 0.514756
12057.640000 0.514740
12058.620000 0.514730
12059.600000 0.514734
12060.580000 0.514763
12061.550000 0.514810
12062.530000 0.514856
12063.510000 0.514899
12064.490000 0.514930
12065.470000 0.514962
12066.450000 0.514993
12067.430000 0.515024
12068.400000 0.515057
12069.380000 0.515095
12070.360000 0.515118
12071.340000 0.515114
12072.320000 0.515110
12073.300000 0.515106
12074.280000 0.515119
12075.260000 0.515133
12076.240000 0.515147
12077.220000 0.515160
12078.200000 0.515174
12079.180000 0.515208
12080.160000 0.515245
12081.140000 0.515282
12082.120000 0.515318
12083.100000 0.515355
12084.080000 0.515395
12085.060000 0.515436
12086.040000 0.515478
12087.020000 0.515519
12088.000000 0.515560
12088.980000 0.515607
12089.960000 0.515655
12090.940000 0.515704
12091.920000 0.515753
12092.900000 0.515802
12093.880000 0.515844
12094.870000 0.515882
12095.850000 0.515920
12096.830000 0.515958
12097.810000 0.515996
12098.790000 0.516040
12099.770000 0.516092
12100.750000 0.516176
12101.740000 0.516271
12102.720000 0.516365
12103.700000 0.516460
12104.680000 0.516557
12105.660000 0.516654
12106.650000 0.516751
12107.630000 0.516847
12108.610000 0.516943
12109.590000 0.517037
12110.570000 0.517106
12111.560000 0.517157
12112.540000 0.517209
12113.520000 0.517264
12114.500000 0.517332
12115.490000 0.517401
12116.470000 0.517470
12117.450000 0.517539
12118.440000 0.517607
12119.420000 0.517674
12120.400000 0.517740
12121.390000 0.517806
12122.370000 0.517872
12123.350000 0.517938
12124.340000 0.517997
12125.320000 0.518056
12126.300000 0.518115
12127.290000 0.518174
12128.270000 0.518233
12129.250000 0.518302
12130.240000 0.518373
12131.220000 0.518443
12132.210000 0.518513
12133.190000 0.518583
12134.170000 0.518641
12135.160000 0.518697
12136.140000 0.518752
12137.130000 0.518808
12138.110000 0.518864
12139.100000 0.518924
12140.080000 0.518988
12141.070000 0.519093
12142.050000 0.519197
12143.040000 0.519301
12144.020000 0.519403
12145.010000 0.519504
12145.990000 0.519606
12146.980000 0.519707
12147.960000 0.519809
12148.950000 0.519895
12149.930000 0.519973
12150.920000 0.520010
12151.910000 0.520045
12152.890000 0.520080
12153.880000 0.520111
12154.860000 0.520141
12155.850000 0.520171
12156.830000 0.520201
12157.820000 0.520231
12158.810000 0.520232
12159.790000 0.520202
12160.780000 0.520172
12161.770000 0.520142
12162.750000 0.520112
12163.740000 0.520101
12164.730000 0.520118
12165.710000 0.520135
12166.700000 0.520152
12167.690000 0.520169
12168.670000 0.520176
12169.660000 0.520165
12170.650000 0.520154
12171.640000 0.520143
12172.620000 0.520133
12173.610000 0.520119
12174.600000 0.520098
12175.590000 0.520077
12176.570000 0.520056
12177.560000 0.520034
12178.550000 0.520014
12179.540000 0.519998
12180.530000 0.520005
12181.510000 0.520032
12182.500000 0.520059
12183.490000 0.520084
12184.480000 0.520099
12185.470000 0.520113
12186.460000 0.520128
12187.440000 0.520143
12188.430000 0.520155
12189.420000 0.520149
12190.410000 0.520125
12191.400000 0.520076
12192.390000 0.520026
12193.380000 0.519977
12194.370000 0.519936
12195.360000 0.519894
12196.350000 0.519853
12197.330000 0.519811
12198.320000 0.519770
12199.310000 0.519723
12200.300000 0.519674
12201.290000 0.519622
12202.280000 0.519571
12203.270000 0.519519
12204.260000 0.519438
12205.250000 0.519354
12206.240000 0.519271
12207.230000 0.519188
12208.220000 0.519105
12209.210000 0.519014
12210.200000 0.518931
12211.190000 0.518883
12212.190000 0.518834
12213.180000 0.518786
12214.170000 0.518735
12215.160000 0.518684
12216.150000 0.518633
12217.140000 0.518581
12218.130000 0.518530
12219.120000 0.518478
12220.110000 0.518420
12221.100000 0.518324
12222.100000 0.518228
12223.090000 0.518132
12224.080000 0.518032
12225.070000 0.517931
12226.060000 0.517830
12227.050000 0.517729
12228.050000 0.517628
12229.040000 0.517509
12230.030000 0.517383
12231.020000 0.517257
12232.010000 0.517130
12233.010000 0.517004
12234.000000 0.516900
12234.990000 0.516808
12235.980000 0.516715
12236.980000 0.516623
12237.970000 0.516531
12238.960000 0.516453
12239.960000 0.516383
12240.950000 0.516314
12241.940000 0.516244
12242.930000 0.516175
12243.930000 0.516108
12244.920000 0.516043
12245.910000 0.515979
12246.910000 0.515914
12247.900000 0.515849
12248.890000 0.515792
12249.890000 0.515743
12250.880000 0.515732
12251.880000 0.515725
12252.870000 0.515718
12253.860000 0.515731
12254.860000 0.515761
12255.850000 0.515791
12256.850000 0.515821
12257.840000 0.515851
12258.830000 0.515884
12259.830000 0.515920
12260.820000 0.515921
12261.820000 0.515914
12262.810000 0.515907
12263.810000 0.515925
12264.800000 0.515974
12265.800000 0.516023
12266.790000 0.516072
12267.790000 0.516121
12268.780000 0.516154
12269.780000 0.516165
12270.770000 0.516176
12271.770000 0.516187
12272.760000 0.516199
12273.760000 0.516224
12274.760000 0.516269
12275.750000 0.516314
12276.750000 0.516359
12277.740000 0.516405
12278.740000 0.516457
12279.740000 0.516521
12280.730000 0.516586
12281.730000 0.516650
12282.720000 0.516714
12283.720000 0.516778
12284.720000 0.516842
12285.710000 0.516906
12286.710000 0.516969
12287.710000 0.517033
12288.700000 0.517107
12289.700000 0.517198
12290.700000 0.517320
12291.690000 0.517455
12292.690000 0.517590
12293.690000 0.517730
12294.690000 0.517881
12295.680000 0.518032
12296.680000 0.518184
12297.680000 0.518335
12298.680000 0.518489
12299.670000 0.518649
12300.670000 0.518780
12301.670000 0.518897
12302.670000 0.519014
12303.670000 0.519134
12304.660000 0.519263
12305.660000 0.519393
12306.660000 0.519523
12307.660000 0.519652
12308.660000 0.519786
12309.660000 0.519928
12310.650000 0.520071
12311.650000 0.520213
12312.650000 0.520356
12313.650000 0.520502
12314.650000 0.520653
12315.650000 0.520806
12316.650000 0.520957
12317.650000 0.521109
12318.650000 0.521261
12319.640000 0.521411
12320.640000 0.521562
12321.640000 0.521713
12322.640000 0.521864
12323.640000 0.522013
12324.640000 0.522161
12325.640000 0.522309
12326.640000 0.522457
12327.640000 0.522604
12328.640000 0.522753
12329.640000 0.522906
12330.640000 0.523087
12331.640000 0.523283
12332.640000 0.523480
12333.640000 0.523676
12334.640000 0.523871
12335.640000 0.524065
12336.650000 0.524260
12337.650000 0.524455
12338.650000 0.524647
12339.650000 0.524830
12340.650000 0.524986
12341.650000 0.525125
12342.650000 0.525265
12343.650000 0.525403
12344.650000 0.525538
12345.660000 0.525674
12346.660000 0.525809
12347.660000 0.525944
12348.660000 0.526077
12349.660000 0.526202
12350.660000 0.526328
12351.670000 0.526454
12352.670000 0.526579
12353.670000 0.526698
12354.670000 0.526802
12355.670000 0.526906
12356.680000 0.527010
12357.680000 0.527113
12358.680000 0.527214
12359.680000 0.527308
12360.690000 0.527401
12361.690000 0.527494
12362.690000 0.527588
12363.700000 0.527676
12364.700000 0.527754
12365.700000 0.527832
12366.700000 0.527910
12367.710000 0.527988
12368.710000 0.528061
12369.710000 0.528122
12370.720000 0.528215
12371.720000 0.528321
12372.720000 0.528427
12373.730000 0.528525
12374.730000 0.528607
12375.740000 0.528689
12376.740000 0.528771
12377.740000 0.528853
12378.750000 0.528935
12379.750000 0.529017
12380.760000 0.529065
12381.760000 0.529102
12382.770000 0.529140
12383.770000 0.529164
12384.770000 0.529170
12385.780000 0.529175
12386.780000 0.529180
12387.790000 0.529185
12388.790000 0.529189
12389.800000 0.529190
12390.800000 0.529192
12391.810000 0.529193
12392.810000 0.529195
12393.820000 0.529192
12394.830000 0.529183
12395.830000 0.529174
12396.840000 0.529165
12397.840000 0.529156
12398.850000 0.529133
12399.850000 0.529092
12400.860000 0.529056
12401.870000 0.529022
12402.870000 0.528988
12403.880000 0.528955
12404.880000 0.528925
12405.890000 0.528895
12406.900000 0.528865
12407.900000 0.528835
12408.910000 0.528799
12409.920000 0.528756
12410.920000 0.528753
12411.930000 0.528755
12412.940000 0.528757
12413.940000 0.528753
12414.950000 0.528746
12415.960000 0.528738
12416.960000 0.528731
12417.970000 0.528723
12418.980000 0.528715
12419.990000 0.528706
12421.000000 0.528652
12422.000000 0.528599
12423.010000 0.528545
12424.020000 0.528487
12425.030000 0.528426
12426.030000 0.528366
12427.040000 0.528305
12428.050000 0.528244
12429.060000 0.528167
12430.070000 0.528083
12431.080000 0.527998
12432.080000 0.527913
12433.090000 0.527828
12434.100000 0.527749
12435.110000 0.527673
12436.120000 0.527596
12437.130000 0.527519
12438.140000 0.527443
12439.140000 0.527389
12440.150000 0.527342
12441.160000 0.527296
12442.170000 0.527250
12443.180000 0.527204
12444.190000 0.527169
12445.200000 0.527137
12446.210000 0.527105
12447.220000 0.527073
12448.230000 0.527042
12449.240000 0.527014
12450.250000 0.526997
12451.260000 0.527014
12452.270000 0.527031
12453.280000 0.527049
12454.290000 0.527086
12455.300000 0.527127
12456.310000 0.527167
12457.320000 0.527207
12458.330000 0.527248
12459.340000 0.527296
12460.350000 0.527329
12461.360000 0.527334
12462.370000 0.527338
12463.390000 0.527342
12464.400000 0.527354
12465.410000 0.527366
12466.420000 0.527379
12467.430000 0.527391
12468.440000 0.527405
12469.450000 0.527454
12470.460000 0.527503
12471.480000 0.527552
12472.490000 0.527601
12473.500000 0.527651
12474.510000 0.527721
12475.520000 0.527790
12476.540000 0.527860
12477.550000 0.527929
12478.560000 0.527996
12479.570000 0.528053
12480.580000 0.528110
12481.600000 0.528167
12482.610000 0.528224
12483.620000 0.528281
12484.630000 0.528335
12485.650000 0.528389
12486.660000 0.528442
12487.670000 0.528496
12488.690000 0.528554
12489.700000 0.528621
12490.710000 0.528720
12491.730000 0.528832
12492.740000 0.528944
12493.750000 0.529060
12494.770000 0.529184
12495.780000 0.529307
12496.790000 0.529431
12497.810000 0.529554
12498.820000 0.529680
12499.830000 0.529810
12500.850000 0.529892
12501.860000 0.529964
12502.880000 0.530037
12503.890000 0.530110
12504.910000 0.530184
12505.920000 0.530258
12506.940000 0.530332
12507.950000 0.530406
12508.960000 0.530476
12509.980000 0.530543
12510.990000 0.530610
12512.010000 0.530677
12513.020000 0.530744
12514.040000 0.530817
12515.050000 0.530894
12516.070000 0.530970
12517.080000 0.531047
12518.100000 0.531124
12519.120000 0.531204
12520.130000 0.531285
12521.150000 0.531367
12522.160000 0.531449
12523.180000 0.531530
12524.190000 0.531597
12525.210000 0.531658
12526.230000 0.531720
12527.240000 0.531781
12528.260000 0.531843
12529.280000 0.531900
12530.290000 0.531970
12531.310000 0.532072
12532.330000 0.532174
12533.340000 0.532276
12534.360000 0.532377
12535.370000 0.532477
12536.390000 0.532578
12537.410000 0.532678
12538.430000 0.532779
12539.440000 0.532851
12540.460000 0.532903
12541.480000 0.532929
12542.500000 0.532956
12543.510000 0.532982
12544.530000 0.532999
12545.550000 0.533016
12546.570000 0.533033
12547.580000 0.533050
12548.600000 0.533066
12549.620000 0.533076
12550.640000 0.533087
12551.660000 0.533097
12552.670000 0.533107
12553.690000 0.533110
12554.710000 0.533088
12555.730000 0.533065
12556.750000 0.533043
12557.770000 0.533021
12558.780000 0.532997
12559.800000 0.532970
12560.820000 0.532979
12561.840000 0.532997
12562.860000 0.533016
12563.880000 0.533024
12564.900000 0.533019
12565.920000 0.533014
12566.940000 0.533009
12567.960000 0.533004
12568.980000 0.532990
12570.000000 0.532968
12571.020000 0.532901
12572.040000 0.532834
12573.060000 0.532767
12574.080000 0.532681
12575.100000 0.532584
12576.120000 0.532488
12577.140000 0.532391
12578.160000 0.532294
12579.180000 0.532192
12580.200000 0.532088
12581.220000 0.531983
12582.240000 0.531879
12583.260000 0.531775
12584.280000 0.531661
12585.300000 0.531545
12586.320000 0.531428
12587.340000 0.531312
12588.360000 0.531196
12589.380000 0.531068
12590.410000 0.530939
12591.430000 0.530810
12592.450000 0.530681
12593.470000 0.530552
12594.490000 0.530406
12595.510000 0.530260
12596.540000 0.530114
12597.560000 0.529968
12598.580000 0.529820
12599.600000 0.529663
12600.620000 0.529533
12601.650000 0.529419
12602.670000 0.529305
12603.690000 0.529191
12604.710000 0.529076
12605.740000 0.528962
12606.760000 0.528848
12607.780000 0.528733
12608.800000 0.528618
12609.830000 0.528502
12610.850000 0.528349
12611.870000 0.528188
12612.900000 0.528026
12613.920000 0.527867
12614.940000 0.527709
12615.960000 0.527552
12616.990000 0.527394
12618.010000 0.527237
12619.040000 0.527071
12620.060000 0.526899
12621.080000 0.526727
12622.110000 0.526555
12623.130000 0.526383
12624.150000 0.526212
12625.180000 0.526040
12626.200000 0.525868
12627.230000 0.525697
12628.250000 0.525525
12629.280000 0.525370
12630.300000 0.525220
12631.330000 0.525069
12632.350000 0.524919
12633.370000 0.524769
12634.400000 0.524633
12635.420000 0.524498
12636.450000 0.524364
12637.470000 0.524229
12638.500000 0.524093
12639.530000 0.523936
12640.550000 0.523802
12641.580000 0.523688
12642.600000 0.523575
12643.630000 0.523467
12644.650000 0.523386
12645.680000 0.523305
12646.700000 0.523224
12647.730000 0.523143
12648.760000 0.523075
12649.780000 0.523041
12650.810000 0.522971
12651.830000 0.522892
12652.860000 0.522813
12653.890000 0.522731
12654.910000 0.522645
12655.940000 0.522559
12656.970000 0.522473
12657.990000 0.522387
12659.020000 0.522320
12660.050000 0.522267
12661.080000 0.522214
12662.100000 0.522162
12663.130000 0.522109
12664.160000 0.522082
12665.180000 0.522068
12666.210000 0.522053
12667.240000 0.522038
12668.270000 0.522024
12669.290000 0.522022
12670.320000 0.522022
12671.350000 0.522023
12672.380000 0.522024
12673.410000 0.522025
12674.430000 0.522075
12675.460000 0.522128
12676.490000 0.522181
12677.520000 0.522234
12678.550000 0.522287
12679.580000 0.522338
12680.600000 0.522415
12681.630000 0.522511
12682.660000 0.522607
12683.690000 0.522703
12684.720000 0.522800
12685.750000 0.522897
12686.780000 0.522994
12687.810000 0.523091
12688.840000 0.523196
12689.870000 0.523317
12690.890000 0.523399
12691.920000 0.523475
12692.950000 0.523551
12693.980000 0.523633
12695.010000 0.523721
12696.040000 0.523808
12697.070000 0.523896
12698.100000 0.523984
12699.130000 0.524069
12700.160000 0.524154
12701.190000 0.524238
12702.220000 0.524322
12703.250000 0.524407
12704.290000 0.524499
12705.320000 0.524594
12706.350000 0.524688
12707.380000 0.524783
12708.410000 0.524877
12709.440000 0.525012
12710.470000 0.525150
12711.500000 0.525288
12712.530000 0.525426
12713.560000 0.525567
12714.590000 0.525737
12715.630000 0.525907
12716.660000 0.526077
12717.690000 0.526248
12718.720000 0.526416
12719.750000 0.526576
12720.780000 0.526771
12721.820000 0.526976
12722.850000 0.527182
12723.880000 0.527393
12724.910000 0.527615
12725.950000 0.527836
12726.980000 0.528057
12728.010000 0.528279
12729.040000 0.528522
12730.080000 0.528780
12731.110000 0.528995
12732.140000 0.529211
12733.170000 0.529427
12734.210000 0.529633
12735.240000 0.529836
12736.270000 0.530039
12737.310000 0.530241
12738.340000 0.530444
12739.370000 0.530636
12740.410000 0.530827
12741.440000 0.531017
12742.470000 0.531208
12743.510000 0.531398
12744.540000 0.531578
12745.570000 0.531759
12746.610000 0.531939
12747.640000 0.532119
12748.680000 0.532295
12749.710000 0.532453
12750.750000 0.532611
12751.780000 0.532769
12752.810000 0.532926
12753.850000 0.533085
12754.880000 0.533245
12755.920000 0.533405
12756.950000 0.533566
12757.990000 0.533725
12759.020000 0.533885
12760.060000 0.534044
12761.090000 0.534204
12762.130000 0.534363
12763.160000 0.534522
12764.200000 0.534651
12765.230000 0.534767
12766.270000 0.534882
12767.300000 0.534997
12768.340000 0.535112
12769.380000 0.535244
12770.410000 0.535397
12771.450000 0.535578
12772.480000 0.535759
12773.520000 0.535940
12774.560000 0.536131
12775.590000 0.536323
12776.630000 0.536514
12777.670000 0.536706
12778.700000 0.536890
12779.740000 0.537046
12780.780000 0.537167
12781.810000 0.537277
12782.850000 0.537386
12783.890000 0.537498
12784.920000 0.537611
12785.960000 0.537725
12787.000000 0.537839
12788.040000 0.537953
12789.070000 0.538069
12790.110000 0.538188
12791.150000 0.538306
12792.190000 0.538424
12793.220000 0.538542
12794.260000 0.538632
12795.300000 0.538712
12796.340000 0.538791
12797.370000 0.538871
12798.410000 0.538951
12799.450000 0.539039
12800.490000 0.539124
12801.530000 0.539204
12802.570000 0.539284
12803.600000 0.539367
12804.640000 0.539486
12805.680000 0.539604
12806.720000 0.539722
12807.760000 0.539840
12808.800000 0.539936
12809.840000 0.539975
12810.880000 0.540053
12811.920000 0.540139
12812.960000 0.540224
12814.000000 0.540302
12815.040000 0.540370
12816.070000 0.540439
12817.110000 0.540507
12818.150000 0.540576
12819.190000 0.540650
12820.230000 0.540718
12821.270000 0.540749
12822.310000 0.540780
12823.350000 0.540812
12824.390000 0.540825
12825.430000 0.540836
12826.470000 0.540846
12827.520000 0.540856
12828.560000 0.540866
12829.600000 0.540857
12830.640000 0.540849
12831.680000 0.540840
12832.720000 0.540831
12833.760000 0.540824
12834.800000 0.540823
12835.840000 0.540822
12836.880000 0.540821
12837.920000 0.540820
12838.970000 0.540814
12840.010000 0.540802
12841.050000 0.540789
12842.090000 0.540777
12843.130000 0.540765
12844.170000 0.540744
12845.220000 0.540719
12846.260000 0.540693
12847.300000 0.540667
12848.340000 0.540642
12849.390000 0.540616
12850.430000 0.540609
12851.470000 0.540629
12852.510000 0.540650
12853.560000 0.540670
12854.600000 0.540672
12855.640000 0.540674
12856.680000 0.540677
12857.730000 0.540679
12858.770000 0.540682
12859.810000 0.540688
12860.860000 0.540655
12861.900000 0.540614
12862.940000 0.540573
12863.990000 0.540531
12865.030000 0.540489
12866.070000 0.540446
12867.120000 0.540404
12868.160000 0.540362
12869.210000 0.540309
12870.250000 0.540252
12871.290000 0.540194
12872.340000 0.540136
12873.380000 0.540078
12874.430000 0.540010
12875.470000 0.539940
12876.510000 0.539871
12877.560000 0.539801
12878.600000 0.539732
12879.650000 0.539665
12880.690000 0.539598
12881.740000 0.539532
12882.780000 0.539465
12883.830000 0.539387
12884.870000 0.539284
12885.920000 0.539181
12886.960000 0.539077
12888.010000 0.538974
12889.060000 0.538877
12890.100000 0.538792
12891.150000 0.538749
12892.190000 0.538706
12893.240000 0.538663
12894.280000 0.538611
12895.330000 0.538556
12896.380000 0.538501
12897.420000 0.538446
12898.470000 0.538390
12899.520000 0.538307
12900.560000 0.538196
12901.610000 0.538064
12902.650000 0.537932
12903.700000 0.537792
12904.750000 0.537618
12905.790000 0.537444
12906.840000 0.537270
12907.890000 0.537095
12908.940000 0.536937
12909.980000 0.536805
12911.030000 0.536673
12912.080000 0.536540
12913.130000 0.536408
12914.170000 0.536252
12915.220000 0.536080
12916.270000 0.535908
12917.320000 0.535736
12918.360000 0.535564
12919.410000 0.535406
12920.460000 0.535250
12921.510000 0.535093
12922.560000 0.534937
12923.600000 0.534781
12924.650000 0.534627
12925.700000 0.534472
12926.750000 0.534317
12927.800000 0.534162
12928.850000 0.533992
12929.900000 0.533784
12930.950000 0.533618
12931.990000 0.533457
12933.040000 0.533296
12934.090000 0.533140
12935.140000 0.532988
12936.190000 0.532835
12937.240000 0.532683
12938.290000 0.532531
12939.340000 0.532382
12940.390000 0.532217
12941.440000 0.532023
12942.490000 0.531829
12943.540000 0.531635
12944.590000 0.531421
12945.640000 0.531207
12946.690000 0.530993
12947.740000 0.530779
12948.790000 0.530560
12949.840000 0.530328
12950.890000 0.530097
12951.940000 0.529865
12952.990000 0.529633
12954.040000 0.529396
12955.090000 0.529155
12956.140000 0.528914
12957.200000 0.528672
12958.250000 0.528430
12959.300000 0.528195
12960.350000 0.527961
12961.400000 0.527728
12962.450000 0.527495
12963.500000 0.527261
12964.560000 0.527034
12965.610000 0.526807
12966.660000 0.526580
12967.710000 0.526353
12968.760000 0.526127
12969.810000 0.525904
12970.870000 0.525682
12971.920000 0.525459
12972.970000 0.525236
12974.020000 0.525020
12975.080000 0.524812
12976.130000 0.524603
12977.180000 0.524394
12978.230000 0.524186
12979.290000 0.523966
12980.340000 0.523756
12981.390000 0.523578
12982.450000 0.523398
12983.500000 0.523219
12984.550000 0.523030
12985.610000 0.522840
12986.660000 0.522650
12987.710000 0.522459
12988.770000 0.522273
12989.820000 0.522103
12990.870000 0.521895
12991.930000 0.521679
12992.980000 0.521463
12994.040000 0.521262
12995.090000 0.521077
12996.140000 0.520893
12997.200000 0.520708
12998.250000 0.520524
12999.310000 0.520326
13000.360000 0.520129
13001.420000 0.519944
13002.470000 0.519759
13003.530000 0.519574
13004.580000 0.519410
13005.640000 0.519248
13006.690000 0.519086
13007.750000 0.518923
13008.800000 0.518766
13009.860000 0.518624
13010.910000 0.518483
13011.970000 0.518341
13013.020000 0.518200
13014.080000 0.518073
13015.130000 0.517962
13016.190000 0.517850
13017.250000 0.517739
13018.300000 0.517628
13019.360000 0.517515
13020.410000 0.517420
13021.470000 0.517352
13022.530000 0.517285
13023.580000 0.517218
13024.640000 0.517214
13025.700000 0.517210
13026.750000 0.517205
13027.810000 0.517201
13028.870000 0.517198
13029.920000 0.517197
13030.980000 0.517154
13032.040000 0.517107
13033.090000 0.517061
13034.150000 0.517023
13035.210000 0.516991
13036.270000 0.516960
13037.320000 0.516929
13038.380000 0.516898
13039.440000 0.516915
13040.500000 0.516942
13041.560000 0.516969
13042.610000 0.516996
13043.670000 0.517024
13044.730000 0.517054
13045.790000 0.517083
13046.850000 0.517113
13047.900000 0.517143
13048.960000 0.517187
13050.020000 0.517254
13051.080000 0.517321
13052.140000 0.517388
13053.200000 0.517455
13054.260000 0.517539
13055.320000 0.517632
13056.380000 0.517724
13057.430000 0.517817
13058.490000 0.517910
13059.550000 0.518019
13060.610000 0.518129
13061.670000 0.518239
13062.730000 0.518350
13063.790000 0.518469
13064.850000 0.518623
13065.910000 0.518776
13066.970000 0.518930
13068.030000 0.519084
13069.090000 0.519244
13070.150000 0.519417
13071.210000 0.519629
13072.270000 0.519841
13073.330000 0.520053
13074.390000 0.520282
13075.450000 0.520515
13076.510000 0.520748
13077.570000 0.520981
13078.630000 0.521216
13079.700000 0.521476
13080.760000 0.521703
13081.820000 0.521917
13082.880000 0.522131
13083.940000 0.522349
13085.000000 0.522576
13086.060000 0.522803
13087.120000 0.523030
13088.190000 0.523257
13089.250000 0.523492
13090.310000 0.523731
13091.370000 0.523971
13092.430000 0.524211
13093.500000 0.524450
13094.560000 0.524713
13095.620000 0.524979
13096.680000 0.525244
13097.750000 0.525509
13098.810000 0.525777
13099.870000 0.526056
13100.930000 0.526334
13102.000000 0.526613
13103.060000 0.526892
13104.120000 0.527175
13105.190000 0.527462
13106.250000 0.527749
13107.310000 0.528037
13108.380000 0.528324
13109.440000 0.528617
13110.500000 0.528910
13111.570000 0.529204
13112.630000 0.529498
13113.690000 0.529791
13114.760000 0.530069
13115.820000 0.530347
13116.880000 0.530626
13117.950000 0.530905
13119.010000 0.531188
13120.080000 0.531481
13121.140000 0.531818
13122.210000 0.532156
13123.270000 0.532493
13124.330000 0.532821
13125.400000 0.533146
13126.460000 0.533471
13127.530000 0.533796
13128.590000 0.534121
13129.660000 0.534431
13130.720000 0.534710
13131.790000 0.534973
13132.850000 0.535237
13133.920000 0.535503
13134.990000 0.535772
13136.050000 0.536042
13137.120000 0.536312
13138.180000 0.536582
13139.250000 0.536839
13140.310000 0.537090
13141.380000 0.537340
13142.450000 0.537591
13143.510000 0.537842
13144.580000 0.538080
13145.640000 0.538317
13146.710000 0.538554
13147.780000 0.538792
13148.840000 0.539022
13149.910000 0.539227
13150.980000 0.539432
13152.040000 0.539637
13153.110000 0.539842
13154.180000 0.540052
13155.250000 0.540265
13156.310000 0.540478
13157.380000 0.540691
13158.450000 0.540904
13159.510000 0.541103
13160.580000 0.541326
13161.650000 0.541571
13162.720000 0.541816
13163.790000 0.542060
13164.850000 0.542301
13165.920000 0.542542
13166.990000 0.542783
13168.060000 0.543024
13169.130000 0.543257
13170.190000 0.543473
13171.260000 0.543650
13172.330000 0.543827
13173.400000 0.544004
13174.470000 0.544164
13175.540000 0.544320
13176.610000 0.544475
13177.670000 0.544631
13178.740000 0.544784
13179.810000 0.544917
13180.880000 0.545049
13181.950000 0.545183
13183.020000 0.545315
13184.090000 0.545454
13185.160000 0.545600
13186.230000 0.545747
13187.300000 0.545893
13188.370000 0.546039
13189.440000 0.546166
13190.510000 0.546288
13191.580000 0.546410
13192.650000 0.546532
13193.720000 0.546651
13194.790000 0.546741
13195.860000 0.546830
13196.930000 0.546920
13198.000000 0.547009
13199.070000 0.547094
13200.140000 0.547172
13201.210000 0.547238
13202.280000 0.547305
13203.350000 0.547372
13204.430000 0.547419
13205.500000 0.547460
13206.570000 0.547500
13207.640000 0.547541
13208.710000 0.547579
13209.780000 0.547595
13210.850000 0.547648
13211.930000 0.547712
13213.000000 0.547776
13214.070000 0.547845
13215.140000 0.547920
13216.210000 0.547996
13217.290000 0.548071
13218.360000 0.548147
13219.430000 0.548185
13220.500000 0.548189
13221.580000 0.548168
13222.650000 0.548146
13223.720000 0.548127
13224.790000 0.548135
13225.870000 0.548143
13226.940000 0.548150
13228.010000 0.548158
13229.080000 0.548163
13230.160000 0.548165
13231.230000 0.548167
13232.300000 0.548169
13233.380000 0.548172
13234.450000 0.548170
13235.530000 0.548167
13236.600000 0.548164
13237.670000 0.548160
13238.750000 0.548159
13239.820000 0.548172
13240.890000 0.548184
13241.970000 0.548197
13243.040000 0.548210
13244.120000 0.548226
13245.190000 0.548246
13246.270000 0.548266
13247.340000 0.548287
13248.420000 0.548307
13249.490000 0.548327
13250.570000 0.548348
13251.640000 0.548369
13252.710000 0.548389
13253.790000 0.548404
13254.870000 0.548388
13255.940000 0.548371
13257.020000 0.548355
13258.090000 0.548338
13259.170000 0.548322
13260.240000 0.548307
13261.320000 0.548293
13262.390000 0.548278
13263.470000 0.548263
13264.550000 0.548234
13265.620000 0.548203
13266.700000 0.548172
13267.770000 0.548141
13268.850000 0.548108
13269.930000 0.548073
13271.000000 0.548082
13272.080000 0.548095
13273.160000 0.548108
13274.230000 0.548102
13275.310000 0.548083
13276.390000 0.548063
13277.460000 0.548044
13278.540000 0.548025
13279.620000 0.548006
13280.700000 0.547956
13281.770000 0.547889
13282.850000 0.547822
13283.930000 0.547761
13285.010000 0.547716
13286.080000 0.547671
13287.160000 0.547626
13288.240000 0.547581
13289.320000 0.547523
13290.400000 0.547457
13291.470000 0.547392
13292.550000 0.547326
13293.630000 0.547261
13294.710000 0.547207
13295.790000 0.547154
13296.870000 0.547101
13297.940000 0.547048
13299.020000 0.546989
13300.100000 0.546922
13301.180000 0.546855
13302.260000 0.546788
13303.340000 0.546721
13304.420000 0.546668
13305.500000 0.546621
13306.580000 0.546574
13307.660000 0.546526
13308.740000 0.546475
13309.820000 0.546377
13310.890000 0.546280
13311.970000 0.546183
13313.050000 0.546085
13314.130000 0.545973
13315.210000 0.545842
13316.290000 0.545712
13317.370000 0.545581
13318.460000 0.545451
13319.540000 0.545322
13320.620000 0.545222
13321.700000 0.545142
13322.780000 0.545063
13323.860000 0.544980
13324.940000 0.544889
13326.020000 0.544797
13327.100000 0.544705
13328.180000 0.544613
13329.260000 0.544491
13330.340000 0.544330
13331.430000 0.544137
13332.510000 0.543943
13333.590000 0.543749
13334.670000 0.543574
13335.750000 0.543399
13336.830000 0.543224
13337.920000 0.543050
13339.000000 0.542863
13340.080000 0.542652
13341.160000 0.542441
13342.250000 0.542230
13343.330000 0.542019
13344.410000 0.541777
13345.490000 0.541521
13346.580000 0.541265
13347.660000 0.541009
13348.740000 0.540755
13349.820000 0.540526
13350.910000 0.540297
13351.990000 0.540067
13353.070000 0.539838
13354.160000 0.539602
13355.240000 0.539358
13356.320000 0.539114
13357.410000 0.538870
13358.490000 0.538626
13359.570000 0.538374
13360.660000 0.538121
13361.740000 0.537868
13362.830000 0.537615
13363.910000 0.537362
13364.990000 0.537111
13366.080000 0.536860
13367.160000 0.536608
13368.250000 0.536357
13369.330000 0.536094
13370.420000 0.535825
13371.500000 0.535555
13372.580000 0.535286
13373.670000 0.535017
13374.750000 0.534761
13375.840000 0.534506
13376.920000 0.534251
13378.010000 0.533995
13379.090000 0.533734
13380.180000 0.533473
13381.270000 0.533250
13382.350000 0.533028
13383.440000 0.532806
13384.520000 0.532587
13385.610000 0.532368
13386.690000 0.532150
13387.780000 0.531932
13388.870000 0.531716
13389.950000 0.531513
13391.040000 0.531264
13392.120000 0.531013
13393.210000 0.530762
13394.300000 0.530527
13395.380000 0.530303
13396.470000 0.530079
13397.560000 0.529855
13398.640000 0.529632
13399.730000 0.529402
13400.820000 0.529150
13401.910000 0.528889
13402.990000 0.528629
13404.080000 0.528362
13405.170000 0.528085
13406.250000 0.527808
13407.340000 0.527531
13408.430000 0.527254
13409.520000 0.526989
13410.610000 0.526727
13411.690000 0.526466
13412.780000 0.526204
13413.870000 0.525946
13414.960000 0.525701
13416.050000 0.525456
13417.130000 0.525211
13418.220000 0.524966
13419.310000 0.524728
13420.400000 0.524494
13421.490000 0.524261
13422.580000 0.524027
13423.670000 0.523794
13424.750000 0.523556
13425.840000 0.523318
13426.930000 0.523080
13428.020000 0.522842
13429.110000 0.522621
13430.200000 0.522423
13431.290000 0.522226
13432.380000 0.522028
13433.470000 0.521830
13434.560000 0.521664
13435.650000 0.521506
13436.740000 0.521347
13437.830000 0.521189
13438.920000 0.521043
13440.010000 0.520946
13441.100000 0.520895
13442.190000 0.520844
13443.280000 0.520792
13444.370000 0.520749
13445.460000 0.520710
13446.550000 0.520671
13447.640000 0.520632
13448.730000 0.520594
13449.830000 0.520563
13450.920000 0.520492
13452.010000 0.520415
13453.100000 0.520338
13454.190000 0.520260
13455.280000 0.520182
13456.370000 0.520105
13457.460000 0.520027
13458.560000 0.519949
13459.650000 0.519865
13460.740000 0.519780
13461.830000 0.519695
13462.920000 0.519610
13464.020000 0.519547
13465.110000 0.519536
13466.200000 0.519524
13467.290000 0.519513
13468.390000 0.519501
13469.480000 0.519523
13470.570000 0.519557
13471.660000 0.519591
13472.760000 0.519625
13473.850000 0.519666
13474.940000 0.519746
13476.040000 0.519826
13477.130000 0.519905
13478.220000 0.519985
13479.320000 0.520039
13480.410000 0.520075
13481.500000 0.520111
13482.600000 0.520147
13483.690000 0.520183
13484.780000 0.520223
13485.880000 0.520262
13486.970000 0.520302
13488.070000 0.520342
13489.160000 0.520394
13490.250000 0.520464
13491.350000 0.520534
13492.440000 0.520604
13493.540000 0.520674
13494.630000 0.520791
13495.730000 0.520916
13496.820000 0.521041
13497.920000 0.521166
13499.010000 0.521292
13500.110000 0.521424
13501.200000 0.521592
13502.300000 0.521760
13503.390000 0.521928
13504.490000 0.522089
13505.580000 0.522248
13506.680000 0.522406
13507.780000 0.522565
13508.870000 0.522730
13509.970000 0.522930
13511.060000 0.523084
13512.160000 0.523237
13513.250000 0.523390
13514.350000 0.523535
13515.450000 0.523675
13516.540000 0.523815
13517.640000 0.523955
13518.740000 0.524094
13519.830000 0.524210
13520.930000 0.524325
13522.030000 0.524440
13523.120000 0.524556
13524.220000 0.524682
13525.320000 0.524820
13526.420000 0.524957
13527.510000 0.525095
13528.610000 0.525233
13529.710000 0.525402
13530.800000 0.525574
13531.900000 0.525746
13533.000000 0.525918
13534.100000 0.526104
13535.200000 0.526318
13536.290000 0.526532
13537.390000 0.526746
13538.490000 0.526960
13539.590000 0.527115
13540.690000 0.527256
13541.790000 0.527398
13542.880000 0.527539
13543.980000 0.527668
13545.080000 0.527763
13546.180000 0.527859
13547.280000 0.527954
13548.380000 0.528050
13549.480000 0.528208
13550.580000 0.528393
13551.680000 0.528578
13552.780000 0.528762
13553.870000 0.528942
13554.970000 0.529095
13556.070000 0.529248
13557.170000 0.529402
13558.270000 0.529555
13559.370000 0.529731
13560.470000 0.529921
13561.570000 0.530112
13562.670000 0.530302
13563.770000 0.530488
13564.870000 0.530598
13565.970000 0.530708
13567.080000 0.530819
13568.180000 0.530929
13569.280000 0.531049
13570.380000 0.531195
13571.480000 0.531371
13572.580000 0.531549
13573.680000 0.531726
13574.780000 0.531923
13575.880000 0.532120
13576.980000 0.532317
13578.080000 0.532515
13579.190000 0.532690
13580.290000 0.532823
13581.390000 0.532921
13582.490000 0.533019
13583.590000 0.533117
13584.700000 0.533260
13585.800000 0.533409
13586.900000 0.533558
13588.000000 0.533707
13589.100000 0.533849
13590.210000 0.533978
13591.310000 0.534106
13592.410000 0.534234
13593.510000 0.534363
13594.620000 0.534462
13595.720000 0.534555
13596.820000 0.534648
13597.920000 0.534741
13599.030000 0.534849
13600.130000 0.534980
13601.230000 0.535013
13602.340000 0.535046
13603.440000 0.535079
13604.540000 0.535102
13605.650000 0.535120
13606.750000 0.535139
13607.860000 0.535157
13608.960000 0.535168
13610.060000 0.535148
13611.170000 0.535128
13612.270000 0.535108
13613.380000 0.535088
13614.480000 0.535050
13615.590000 0.535002
13616.690000 0.534955
13617.790000 0.534908
13618.900000 0.534866
13620.000000 0.534849
13621.110000 0.534833
13622.210000 0.534817
13623.320000 0.534800
13624.420000 0.534792
13625.530000 0.534788
13626.630000 0.534784
13627.740000 0.534781
13628.850000 0.534775
13629.950000 0.534761
13631.060000 0.534746
13632.160000 0.534732
13633.270000 0.534717
13634.380000 0.534708
13635.480000 0.534702
13636.590000 0.534696
13637.690000 0.534690
13638.800000 0.534683
13639.910000 0.534663
13641.010000 0.534643
13642.120000 0.534623
13643.230000 0.534602
13644.330000 0.534563
13645.440000 0.534507
13646.550000 0.534452
13647.650000 0.534396
13648.760000 0.534342
13649.870000 0.534322
13650.970000 0.534344
13652.080000 0.534372
13653.190000 0.534401
13654.300000 0.534417
13655.410000 0.534420
13656.510000 0.534425
13657.620000 0.534429
13658.730000 0.534432
13659.840000 0.534473
13660.940000 0.534472
13662.050000 0.534464
13663.160000 0.534456
13664.270000 0.534424
13665.380000 0.534368
13666.490000 0.534312
13667.600000 0.534256
13668.700000 0.534199
13669.810000 0.534148
13670.920000 0.534097
13672.030000 0.534045
13673.140000 0.533994
13674.250000 0.533929
13675.360000 0.533848
13676.470000 0.533767
13677.580000 0.533686
13678.690000 0.533606
13679.800000 0.533524
13680.910000 0.533442
13682.020000 0.533359
13683.130000 0.533277
13684.240000 0.533209
13685.350000 0.533159
13686.460000 0.533108
13687.570000 0.533057
13688.680000 0.533007
13689.790000 0.532945
13690.900000 0.532883
13692.010000 0.532820
13693.120000 0.532758
13694.230000 0.532684
13695.340000 0.532595
13696.450000 0.532507
13697.560000 0.532418
13698.670000 0.532330
13699.790000 0.532224
13700.900000 0.532117
13702.010000 0.532010
13703.120000 0.531904
13704.230000 0.531785
13705.340000 0.531651
13706.460000 0.531517
13707.570000 0.531383
13708.680000 0.531249
13709.790000 0.531120
13710.900000 0.530991
13712.020000 0.530863
13713.130000 0.530734
13714.240000 0.530617
13715.350000 0.530512
13716.470000 0.530408
13717.580000 0.530304
13718.690000 0.530200
13719.800000 0.530103
13720.920000 0.530006
13722.030000 0.529910
13723.140000 0.529813
13724.260000 0.529700
13725.370000 0.529568
13726.480000 0.529435
13727.600000 0.529303
13728.710000 0.529170
13729.820000 0.529027
13730.940000 0.528884
13732.050000 0.528741
13733.170000 0.528598
13734.280000 0.528449
13735.390000 0.528293
13736.510000 0.528138
13737.620000 0.527982
13738.740000 0.527827
13739.850000 0.527656
13740.970000 0.527527
13742.080000 0.527405
13743.200000 0.527282
13744.310000 0.527147
13745.430000 0.526999
13746.540000 0.526852
13747.660000 0.526704
13748.770000 0.526556
13749.890000 0.526400
13751.000000 0.526200
13752.120000 0.525996
13753.230000 0.525791
13754.350000 0.525574
13755.460000 0.525346
13756.580000 0.525118
13757.700000 0.524890
13758.810000 0.524662
13759.930000 0.524432
13761.040000 0.524201
13762.160000 0.523970
13763.280000 0.523740
13764.390000 0.523537
13765.510000 0.523356
13766.630000 0.523175
13767.740000 0.522994
13768.860000 0.522802
13769.980000 0.522500
13771.090000 0.522197
13772.210000 0.521895
13773.330000 0.521592
13774.450000 0.521330
13775.560000 0.521093
13776.680000 0.520857
13777.800000 0.520621
13778.920000 0.520375
13780.030000 0.520066
13781.150000 0.519758
13782.270000 0.519450
13783.390000 0.519141
13784.510000 0.518840
13785.620000 0.518541
13786.740000 0.518243
13787.860000 0.517944
13788.980000 0.517639
13790.100000 0.517304
13791.220000 0.516969
13792.340000 0.516634
13793.460000 0.516299
13794.570000 0.515924
13795.690000 0.515532
13796.810000 0.515141
13797.930000 0.514750
13799.050000 0.514352
13800.170000 0.513939
13801.290000 0.513554
13802.410000 0.513169
13803.530000 0.512784
13804.650000 0.512355
13805.770000 0.511913
13806.890000 0.511472
13808.010000 0.511031
13809.130000 0.510594
13810.250000 0.510164
13811.370000 0.509735
13812.490000 0.509306
13813.610000 0.508877
13814.730000 0.508410
13815.850000 0.507937
13816.970000 0.507464
13818.090000 0.506991
13819.210000 0.506518
13820.330000 0.506047
13821.460000 0.505575
13822.580000 0.505104
13823.700000 0.504632
13824.820000 0.504152
13825.940000 0.503671
13827.060000 0.503190
13828.180000 0.502709
13829.310000 0.502233
13830.430000 0.501849
13831.550000 0.501602
13832.670000 0.501355
13833.790000 0.501107
13834.920000 0.500860
13836.040000 0.500613
13837.160000 0.500365
13838.280000 0.500117
13839.410000 0.499864
13840.530000 0.499607
13841.650000 0.499350
13842.780000 0.499093
13843.900000 0.498833
13845.020000 0.498555
13846.140000 0.498277
13847.270000 0.497999
13848.390000 0.497721
13849.510000 0.497474
13850.640000 0.497271
13851.760000 0.497088
13852.880000 0.496904
13854.010000 0.496733
13855.130000 0.496617
13856.260000 0.496501
13857.380000 0.496384
13858.500000 0.496267
13859.630000 0.496197
13860.750000 0.496111
13861.880000 0.496011
13863.000000 0.495910
13864.130000 0.495832
13865.250000 0.495806
13866.380000 0.495780
13867.500000 0.495754
13868.630000 0.495728
13869.750000 0.495729
13870.880000 0.495735
13872.000000 0.495741
13873.130000 0.495746
13874.250000 0.495759
13875.380000 0.495780
13876.500000 0.495801
13877.630000 0.495822
13878.750000 0.495844
13879.880000 0.496020
13881.010000 0.496202
13882.130000 0.496383
13883.260000 0.496565
13884.390000 0.496777
13885.510000 0.497018
13886.640000 0.497258
13887.760000 0.497499
13888.890000 0.497747
13890.020000 0.498069
13891.140000 0.498391
13892.270000 0.498714
13893.400000 0.499036
13894.530000 0.499416
13895.650000 0.499828
13896.780000 0.500240
13897.910000 0.500652
13899.040000 0.501069
13900.160000 0.501502
13901.290000 0.501936
13902.420000 0.502370
13903.550000 0.502804
13904.670000 0.503250
13905.800000 0.503699
13906.930000 0.504148
13908.060000 0.504597
13909.190000 0.505024
13910.310000 0.505405
13911.440000 0.505786
13912.570000 0.506168
13913.700000 0.506550
13914.830000 0.506871
13915.960000 0.507186
13917.090000 0.507501
13918.220000 0.507817
13919.340000 0.508041
13920.470000 0.508166
13921.600000 0.508292
13922.730000 0.508417
13923.860000 0.508529
13924.990000 0.508385
13926.120000 0.508239
13927.250000 0.508094
13928.380000 0.507949
13929.510000 0.507571
13930.640000 0.507053
13931.770000 0.506534
13932.900000 0.506016
13934.030000 0.505401
13935.160000 0.504399
13936.290000 0.503397
13937.420000 0.502394
13938.550000 0.501391
13939.680000 0.500036
13940.810000 0.498578
13941.950000 0.497119
13943.080000 0.495659
13944.210000 0.494015
13945.340000 0.492029
13946.470000 0.490043
13947.600000 0.488054
13948.730000 0.486067
13949.860000 0.483637
13951.000000 0.481173
13952.130000 0.478708
13953.260000 0.476242
13954.390000 0.473445
13955.520000 0.470329
13956.660000 0.467213
13957.790000 0.464092
13958.920000 0.460920
13960.050000 0.457235
13961.180000 0.453551
13962.320000 0.449862
13963.450000 0.446171
13964.580000 0.442100
13965.720000 0.437845
13966.850000 0.433588
13967.980000 0.429329
13969.120000 0.424909
13970.250000 0.420052
13971.380000 0.415193
13972.510000 0.410327
13973.650000 0.405459
13974.780000 0.400340
13975.920000 0.395170
13977.050000 0.389998
13978.180000 0.384823
13979.320000 0.379251
13980.450000 0.373179
13981.580000 0.367104
13982.720000 0.361021
13983.850000 0.354937
13984.990000 0.348688
13986.120000 0.342442
13987.260000 0.336188
13988.390000 0.329931
13989.530000 0.323554
13990.660000 0.317102
13991.800000 0.310642
13992.930000 0.304184
13994.070000 0.297760
13995.200000 0.291462
13996.340000 0.285166
13997.470000 0.278863
13998.610000 0.272556
13999.740000 0.266452
14000.880000 0.260372
14002.020000 0.254284
14003.150000 0.248195
14004.290000 0.242065
14005.420000 0.235877
14006.560000 0.229682
14007.700000 0.223492
14008.830000 0.217295
14009.970000 0.211416
14011.100000 0.205541
14012.240000 0.199660
14013.380000 0.193777
14014.510000 0.188038
14015.650000 0.182395
14016.790000 0.176745
14017.930000 0.171099
14019.060000 0.165538
14020.200000 0.160335
14021.340000 0.155125
14022.480000 0.149915
14023.610000 0.144708
14024.750000 0.140033
14025.890000 0.135487
14027.030000 0.130940
14028.160000 0.126387
14029.300000 0.122039
14030.440000 0.117980
14031.580000 0.113915
14032.720000 0.109853
14033.850000 0.105798
14034.990000 0.102388
14036.130000 0.098977
14037.270000 0.095566
14038.410000 0.092154
14039.550000 0.089054
14040.690000 0.086142
14041.830000 0.083227
14042.960000 0.080313
14044.100000 0.077507
14045.240000 0.075066
14046.380000 0.072622
14047.520000 0.070177
14048.660000 0.067732
14049.800000 0.065550
14050.940000 0.063416
14052.080000 0.061282
14053.220000 0.059147
14054.360000 0.057149
14055.500000 0.055317
14056.640000 0.053483
14057.780000 0.051650
14058.920000 0.049832
14060.060000 0.048239
14061.200000 0.046645
14062.340000 0.045051
14063.480000 0.043456
14064.630000 0.041985
14065.770000 0.040573
14066.910000 0.039160
14068.050000 0.037746
14069.190000 0.036396
14070.330000 0.035193
14071.470000 0.033992
14072.610000 0.032791
14073.760000 0.031589
14074.900000 0.030521
14076.040000 0.029464
14077.180000 0.028406
14078.320000 0.027348
14079.460000 0.026386
14080.610000 0.025505
14081.750000 0.024622
14082.890000 0.023739
14084.030000 0.022893
14085.180000 0.022238
14086.320000 0.021582
14087.460000 0.020926
14088.610000 0.020270
14089.750000 0.019614
14090.890000 0.018959
14092.030000 0.018302
14093.180000 0.017646
14094.320000 0.017056
14095.460000 0.016560
14096.610000 0.016065
14097.750000 0.015569
14098.890000 0.015077
14100.040000 0.014654
14101.180000 0.014231
14102.330000 0.013809
14103.470000 0.013386
14104.610000 0.013029
14105.760000 0.012705
14106.900000 0.012382
14108.050000 0.012059
14109.190000 0.011718
14110.340000 0.011338
14111.480000 0.010958
14112.630000 0.010578
14113.770000 0.010197
14114.920000 0.009918
14116.060000 0.009647
14117.210000 0.009376
14118.350000 0.009105
14119.500000 0.008856
14120.640000 0.008624
14121.790000 0.008393
14122.930000 0.008161
14124.080000 0.007933
14125.220000 0.007723
14126.370000 0.007513
14127.520000 0.007304
14128.660000 0.007094
14129.810000 0.006905
14130.950000 0.006720
14132.100000 0.006536
14133.250000 0.006351
14134.390000 0.006176
14135.540000 0.006011
14136.690000 0.005846
14137.830000 0.005680
14138.980000 0.005517
14140.130000 0.005370
14141.270000 0.005223
14142.420000 0.005076
14143.570000 0.004928
14144.720000 0.004779
14145.860000 0.004629
14147.010000 0.004479
14148.160000 0.004329
14149.310000 0.004203
14150.460000 0.004115
14151.600000 0.004027
14152.750000 0.003938
14153.900000 0.003851
14155.050000 0.003790
14156.200000 0.003728
14157.340000 0.003667
14158.490000 0.003606
14159.640000 0.003551
14160.790000 0.003500
14161.940000 0.003449
14163.090000 0.003398
14164.240000 0.003326
14165.380000 0.003213
14166.530000 0.003099
14167.680000 0.002985
14168.830000 0.002871
14169.980000 0.002788
14171.130000 0.002707
14172.280000 0.002625
14173.430000 0.002543
14174.580000 0.002476
14175.730000 0.002417
14176.880000 0.002358
14178.030000 0.002299
14179.180000 0.002242
14180.330000 0.002189
14181.480000 0.002137
14182.630000 0.002085
14183.780000 0.002032
14184.930000 0.001984
14186.080000 0.001937
14187.230000 0.001890
14188.390000 0.001843
14189.540000 0.001799
14190.690000 0.001757
14191.840000 0.001715
14192.990000 0.001673
14194.140000 0.001632
14195.290000 0.001593
14196.440000 0.001554
14197.600000 0.001514
14198.750000 0.001475
14199.900000 0.001432
14201.050000 0.001388
14202.200000 0.001344
14203.360000 0.001300
14204.510000 0.001250
14205.660000 0.001195
14206.810000 0.001140
14207.960000 0.001085
14209.120000 0.001032
14210.270000 0.000987
14211.420000 0.000942
14212.580000 0.000897
14213.730000 0.000853
14214.880000 0.000875
14216.040000 0.000908
14217.190000 0.000941
14218.340000 0.000974
14219.500000 0.000987
14220.650000 0.000981
14221.800000 0.000975
14222.960000 0.000970
14224.110000 0.000965
14225.260000 0.000964
14226.420000 0.000962
14227.570000 0.000961
14228.730000 0.000960
14229.880000 0.000952
14231.030000 0.000943
14232.190000 0.000934
14233.340000 0.000925
14234.500000 0.000889
14235.650000 0.000830
14236.810000 0.000770
14237.960000 0.000710
14239.120000 0.000659
14240.270000 0.000641
14241.430000 0.000624
14242.580000 0.000606
14243.740000 0.000589
14244.890000 0.000578
14246.050000 0.000568
14247.210000 0.000558
14248.360000 0.000548
14249.520000 0.000537
14250.670000 0.000525
14251.830000 0.000512
14252.990000 0.000499
14254.140000 0.000487
14255.300000 0.000476
14256.450000 0.000464
14257.610000 0.000453
14258.770000 0.000442
14259.920000 0.000433
14261.080000 0.000425
14262.240000 0.000416
14263.390000 0.000408
14264.550000 0.000401
