8809.655000 0.000404
8810.370000 0.000411
8811.084000 0.000417
8811.799000 0.000424
8812.514000 0.000431
8813.229000 0.000440
8813.943000 0.000449
8814.659000 0.000459
8815.374000 0.000468
8816.089000 0.000477
8816.805000 0.000487
8817.520000 0.000496
8818.234000 0.000505
8818.950000 0.000515
8819.665000 0.000524
8820.381000 0.000533
8821.097000 0.000543
8821.813000 0.000552
8822.527000 0.000562
8823.243000 0.000577
8823.959000 0.000592
8824.675000 0.000607
8825.391000 0.000622
8826.106000 0.000637
8826.823000 0.000652
8827.539000 0.000667
8828.255000 0.000681
8828.972000 0.000696
8829.688000 0.000711
8830.403000 0.000726
8831.120000 0.000741
8831.837000 0.000756
8832.553000 0.000773
8833.270000 0.000796
8833.986000 0.000820
8834.703000 0.000843
8835.419000 0.000866
8836.136000 0.000889
8836.853000 0.000913
8837.569000 0.000936
8838.287000 0.000960
8839.004000 0.000983
8839.721000 0.001007
8840.438000 0.001030
8841.155000 0.001054
8841.872000 0.001077
8842.590000 0.001101
8843.307000 0.001128
8844.024000 0.001154
8844.741000 0.001180
8845.459000 0.001207
8846.177000 0.001233
8846.895000 0.001260
8847.612000 0.001286
8848.330000 0.001313
8849.048000 0.001340
8849.766000 0.001366
8850.483000 0.001393
8851.201000 0.001419
8851.919000 0.001446
8852.638000 0.001477
8853.355000 0.001518
8854.074000 0.001559
8854.792000 0.001600
8855.511000 0.001642
8856.229000 0.001683
8856.947000 0.001724
8857.666000 0.001766
8858.384000 0.001807
8859.103000 0.001848
8859.821000 0.001890
8860.540000 0.001931
8861.259000 0.001973
8861.978000 0.002015
8862.697000 0.002056
8863.416000 0.002098
8864.135000 0.002140
8864.854000 0.002181
8865.573000 0.002223
8866.292000 0.002265
8867.012000 0.002307
8867.730000 0.002349
8868.450000 0.002391
8869.170000 0.002433
8869.889000 0.002475
8870.608000 0.002517
8871.328000 0.002559
8872.048000 0.002601
8872.768000 0.002659
8873.487000 0.002735
8874.207000 0.002811
8874.927000 0.002888
8875.647000 0.002964
8876.367000 0.003040
8877.087000 0.003117
8877.808000 0.003193
8878.527000 0.003270
8879.248000 0.003346
8879.968000 0.003423
8880.688000 0.003500
8881.409000 0.003577
8882.129000 0.003654
8882.850000 0.003744
8883.570000 0.003843
8884.291000 0.003943
8885.012000 0.004043
8885.732000 0.004143
8886.453000 0.004243
8887.175000 0.004343
8887.896000 0.004443
8888.616000 0.004544
8889.337000 0.004644
8890.059000 0.004745
8890.779000 0.004846
8891.501000 0.004946
8892.223000 0.005047
8892.943000 0.005176
8893.665000 0.005317
8894.387000 0.005459
8895.108000 0.005600
8895.830000 0.005742
8896.551000 0.005884
8897.273000 0.006026
8897.995000 0.006168
8898.717000 0.006310
8899.438000 0.006452
8900.160000 0.006594
8900.883000 0.006735
8901.604000 0.006876
8902.326000 0.007016
8903.049000 0.007219
8903.771000 0.007432
8904.493000 0.007646
8905.216000 0.007861
8905.938000 0.008075
8906.660000 0.008289
8907.383000 0.008503
8908.105000 0.008718
8908.828000 0.008933
8909.551000 0.009147
8910.273000 0.009362
8910.997000 0.009577
8911.720000 0.009792
8912.442000 0.010007
8913.165000 0.010314
8913.889000 0.010622
8914.611000 0.010929
8915.335000 0.011237
8916.058000 0.011545
8916.781000 0.011853
8917.505000 0.012161
8918.229000 0.012470
8918.951000 0.012778
8919.675000 0.013086
8920.398000 0.013396
8921.122000 0.013705
8921.846000 0.014015
8922.569000 0.014350
8923.294000 0.014811
8924.018000 0.015272
8924.741000 0.015732
8925.466000 0.016194
8926.189000 0.016655
8926.913000 0.017117
8927.638000 0.017579
8928.362000 0.018041
8929.086000 0.018503
8929.811000 0.018966
8930.535000 0.019429
8931.260000 0.019891
8931.984000 0.020353
8932.709000 0.020888
8933.434000 0.021554
8934.158000 0.022220
8934.883000 0.022887
8935.607000 0.023554
8936.332000 0.024221
8937.058000 0.024889
8937.782000 0.025556
8938.508000 0.026225
8939.232000 0.026893
8939.958000 0.027562
8940.683000 0.028231
8941.408000 0.028900
8942.134000 0.029570
8942.859000 0.030404
8943.584000 0.031366
8944.310000 0.032329
8945.035000 0.033293
8945.761000 0.034257
8946.487000 0.035223
8947.213000 0.036188
8947.938000 0.037153
8948.664000 0.038119
8949.391000 0.039086
8950.116000 0.040052
8950.843000 0.041023
8951.568000 0.041992
8952.295000 0.042963
8953.021000 0.044258
8953.747000 0.045648
8954.474000 0.047039
8955.200000 0.048431
8955.927000 0.049823
8956.653000 0.051216
8957.380000 0.052609
8958.106000 0.054004
8958.833000 0.055398
8959.560000 0.056794
8960.286000 0.058189
8961.014000 0.059584
8961.740000 0.060977
8962.467000 0.062376
8963.194000 0.064216
8963.922000 0.066058
8964.648000 0.067897
8965.376000 0.069740
8966.104000 0.071583
8966.830000 0.073425
8967.558000 0.075269
8968.285000 0.077114
8969.013000 0.078960
8969.740000 0.080807
8970.468000 0.082657
8971.196000 0.084513
8971.924000 0.086366
8972.651000 0.088366
8973.379000 0.090779
8974.107000 0.093197
8974.835000 0.095612
8975.563000 0.098032
8976.291000 0.100450
8977.020000 0.102873
8977.748000 0.105296
8978.477000 0.107721
8979.204000 0.110143
8979.933000 0.112570
8980.661000 0.114992
8981.390000 0.117414
8982.118000 0.119836
8982.848000 0.122517
8983.576000 0.125424
8984.305000 0.128332
8985.033000 0.131242
8985.763000 0.134156
8986.491000 0.137067
8987.221000 0.139984
8987.949000 0.142897
8988.679000 0.145815
8989.407000 0.148730
8990.137000 0.151651
8990.866000 0.154572
8991.596000 0.157495
8992.325000 0.160418
8993.055000 0.163615
8993.784000 0.166880
8994.514000 0.170145
8995.243000 0.173412
8995.973000 0.176680
8996.703000 0.179954
8997.433000 0.183224
8998.162000 0.186495
8998.893000 0.189772
8999.622000 0.193046
9000.353000 0.196315
9001.083000 0.199573
9001.812000 0.202828
9002.543000 0.206104
9003.273000 0.209531
9004.004000 0.212958
9004.734000 0.216386
9005.465000 0.219814
9006.195000 0.223242
9006.926000 0.226671
9007.656000 0.230101
9008.388000 0.233536
9009.118000 0.236966
9009.849000 0.240397
9010.580000 0.243822
9011.311000 0.247239
9012.042000 0.250660
9012.772000 0.253977
9013.504000 0.257154
9014.235000 0.260331
9014.967000 0.263508
9015.698000 0.266684
9016.429000 0.269857
9017.160000 0.273034
9017.892000 0.276211
9018.624000 0.279392
9019.355000 0.282569
9020.087000 0.285748
9020.818000 0.288944
9021.551000 0.292143
9022.282000 0.295339
9023.015000 0.298153
9023.746000 0.300824
9024.479000 0.303498
9025.210000 0.306169
9025.942000 0.308845
9026.675000 0.311521
9027.407000 0.314197
9028.140000 0.316873
9028.872000 0.319550
9029.604000 0.322227
9030.337000 0.324905
9031.069000 0.327584
9031.802000 0.330263
9032.534000 0.332897
9033.268000 0.334977
9034.000000 0.337054
9034.732000 0.339132
9035.466000 0.341212
9036.199000 0.343293
9036.932000 0.345372
9037.665000 0.347454
9038.398000 0.349536
9039.131000 0.351615
9039.864000 0.353698
9040.598000 0.355781
9041.331000 0.357864
9042.064000 0.359948
9042.798000 0.361724
9043.532000 0.363095
9044.266000 0.364465
9044.999000 0.365835
9045.732000 0.367204
9046.467000 0.368576
9047.200000 0.369947
9047.935000 0.371319
9048.669000 0.372692
9049.402000 0.374063
9050.137000 0.375440
9050.871000 0.376837
9051.605000 0.378234
9052.339000 0.379629
9053.073000 0.380565
9053.808000 0.381388
9054.543000 0.382212
9055.277000 0.383035
9056.012000 0.383858
9056.746000 0.384681
9057.481000 0.385506
9058.216000 0.386330
9058.950000 0.387154
9059.686000 0.387979
9060.421000 0.388792
9061.155000 0.389593
9061.891000 0.390396
9062.626000 0.391110
9063.360000 0.391444
9064.096000 0.391779
9064.831000 0.392113
9065.566000 0.392448
9066.302000 0.392782
9067.038000 0.393118
9067.773000 0.393452
9068.509000 0.393787
9069.244000 0.394122
9069.980000 0.394458
9070.716000 0.394817
9071.452000 0.395177
9072.187000 0.395536
9072.924000 0.395753
9073.659000 0.395871
9074.396000 0.395989
9075.132000 0.396107
9075.868000 0.396226
9076.604000 0.396344
9077.341000 0.396462
9078.077000 0.396580
9078.813000 0.396698
9079.550000 0.396816
9080.286000 0.396925
9081.023000 0.397019
9081.760000 0.397114
9082.496000 0.397207
9083.233000 0.397208
9083.970000 0.397208
9084.707000 0.397208
9085.444000 0.397208
9086.181000 0.397208
9086.918000 0.397209
9087.655000 0.397209
9088.393000 0.397209
9089.130000 0.397209
9089.867000 0.397209
9090.604000 0.397210
9091.342000 0.397210
9092.079000 0.397211
9092.817000 0.397190
9093.555000 0.397142
9094.292000 0.397094
9095.030000 0.397046
9095.768000 0.396998
9096.506000 0.396949
9097.244000 0.396901
9097.981000 0.396853
9098.720000 0.396805
9099.458000 0.396757
9100.196000 0.396715
9100.935000 0.396691
9101.673000 0.396668
9102.411000 0.396644
9103.149000 0.396615
9103.888000 0.396585
9104.626000 0.396555
9105.365000 0.396525
9106.104000 0.396496
9106.843000 0.396466
9107.581000 0.396436
9108.320000 0.396406
9109.059000 0.396376
9109.798000 0.396346
9110.537000 0.396298
9111.275000 0.396245
9112.015000 0.396191
9112.754000 0.396144
9113.493000 0.396111
9114.232000 0.396079
9114.972000 0.396046
9115.712000 0.396013
9116.451000 0.395981
9117.190000 0.395948
9117.931000 0.395915
9118.670000 0.395883
9119.409000 0.395850
9120.149000 0.395822
9120.890000 0.395814
9121.629000 0.395806
9122.369000 0.395798
9123.109000 0.395737
9123.850000 0.395664
9124.590000 0.395592
9125.329000 0.395519
9126.070000 0.395446
9126.811000 0.395374
9127.551000 0.395301
9128.291000 0.395228
9129.031000 0.395156
9129.772000 0.395083
9130.513000 0.394993
9131.254000 0.394896
9131.994000 0.394800
9132.735000 0.394719
9133.476000 0.394674
9134.217000 0.394629
9134.958000 0.394584
9135.699000 0.394540
9136.439000 0.394495
9137.181000 0.394450
9137.922000 0.394405
9138.664000 0.394360
9139.405000 0.394315
9140.146000 0.394275
9140.888000 0.394255
9141.630000 0.394235
9142.371000 0.394214
9143.112000 0.394199
9143.854000 0.394185
9144.596000 0.394171
9145.338000 0.394157
9146.080000 0.394142
9146.822000 0.394128
9147.563000 0.394114
9148.306000 0.394100
9149.048000 0.394085
9149.790000 0.394071
9150.532000 0.394040
9151.274000 0.394001
9152.018000 0.393963
9152.760000 0.393923
9153.502000 0.393882
9154.245000 0.393840
9154.987000 0.393799
9155.729000 0.393757
9156.473000 0.393715
9157.216000 0.393674
9157.958000 0.393632
9158.701000 0.393590
9159.444000 0.393549
9160.187000 0.393513
9160.931000 0.393496
9161.674000 0.393479
9162.417000 0.393462
9163.160000 0.393494
9163.903000 0.393532
9164.646000 0.393571
9165.391000 0.393610
9166.134000 0.393649
9166.877000 0.393687
9167.621000 0.393726
9168.364000 0.393765
9169.108000 0.393803
9169.853000 0.393842
9170.596000 0.393861
9171.340000 0.393876
9172.084000 0.393890
9172.828000 0.393902
9173.572000 0.393911
9174.316000 0.393919
9175.061000 0.393927
9175.805000 0.393935
9176.550000 0.393944
9177.294000 0.393952
9178.038000 0.393960
9178.783000 0.393969
9179.527000 0.393977
9180.272000 0.393994
9181.017000 0.394027
9181.762000 0.394060
9182.507000 0.394093
9183.251000 0.394184
9183.996000 0.394277
9184.741000 0.394369
9185.486000 0.394461
9186.231000 0.394554
9186.977000 0.394646
9187.722000 0.394738
9188.468000 0.394830
9189.213000 0.394923
9189.958000 0.395015
9190.704000 0.395085
9191.449000 0.395153
9192.195000 0.395221
9192.940000 0.395273
9193.687000 0.395313
9194.433000 0.395353
9195.178000 0.395393
9195.924000 0.395433
9196.670000 0.395473
9197.416000 0.395513
9198.162000 0.395553
9198.908000 0.395593
9199.654000 0.395633
9200.401000 0.395676
9201.147000 0.395721
9201.894000 0.395766
9202.641000 0.395831
9203.387000 0.396004
9204.134000 0.396178
9204.880000 0.396351
9205.627000 0.396524
9206.373000 0.396698
9207.120000 0.396871
9207.867000 0.397045
9208.614000 0.397219
9209.361000 0.397392
9210.108000 0.397562
9210.855000 0.397711
9211.603000 0.397861
9212.350000 0.398010
9213.098000 0.398149
9213.845000 0.398286
9214.592000 0.398423
9215.340000 0.398559
9216.087000 0.398696
9216.835000 0.398833
9217.582000 0.398969
9218.330000 0.399106
9219.078000 0.399243
9219.826000 0.399380
9220.574000 0.399536
9221.322000 0.399698
9222.070000 0.399860
9222.818000 0.400026
9223.566000 0.400197
9224.314000 0.400369
9225.063000 0.400541
9225.812000 0.400713
9226.560000 0.400884
9227.308000 0.401056
9228.057000 0.401228
9228.805000 0.401400
9229.554000 0.401572
9230.303000 0.401745
9231.052000 0.401918
9231.800000 0.402092
9232.549000 0.402266
9233.298000 0.402458
9234.047000 0.402651
9234.796000 0.402843
9235.545000 0.403036
9236.295000 0.403229
9237.044000 0.403421
9237.793000 0.403614
9238.543000 0.403807
9239.292000 0.404000
9240.042000 0.404194
9240.791000 0.404413
9241.541000 0.404631
9242.290000 0.404850
9243.040000 0.404996
9243.790000 0.405108
9244.540000 0.405219
9245.290000 0.405331
9246.040000 0.405442
9246.790000 0.405554
9247.540000 0.405665
9248.290000 0.405777
9249.040000 0.405889
9249.791000 0.406000
9250.541000 0.406094
9251.292000 0.406180
9252.042000 0.406266
9252.793000 0.406359
9253.543000 0.406465
9254.294000 0.406570
9255.045000 0.406676
9255.795000 0.406781
9256.546000 0.406887
9257.297000 0.406992
9258.048000 0.407098
9258.799000 0.407203
9259.550000 0.407309
9260.302000 0.407425
9261.053000 0.407556
9261.804000 0.407688
9262.556000 0.407819
9263.307000 0.407928
9264.058000 0.408038
9264.810000 0.408147
9265.562000 0.408257
9266.313000 0.408366
9267.064000 0.408475
9267.816000 0.408585
9268.568000 0.408695
9269.320000 0.408804
9270.072000 0.408911
9270.824000 0.408995
9271.576000 0.409079
9272.328000 0.409163
9273.080000 0.409236
9273.833000 0.409304
9274.585000 0.409372
9275.337000 0.409440
9276.090000 0.409509
9276.843000 0.409577
9277.595000 0.409645
9278.348000 0.409713
9279.101000 0.409781
9279.853000 0.409849
9280.605000 0.409939
9281.358000 0.410033
9282.111000 0.410127
9282.864000 0.410215
9283.617000 0.410293
9284.371000 0.410372
9285.124000 0.410450
9285.877000 0.410529
9286.630000 0.410607
9287.384000 0.410685
9288.137000 0.410764
9288.891000 0.410842
9289.645000 0.410921
9290.397000 0.410986
9291.151000 0.411038
9291.905000 0.411091
9292.659000 0.411141
9293.413000 0.411171
9294.167000 0.411201
9294.921000 0.411232
9295.675000 0.411262
9296.429000 0.411292
9297.183000 0.411322
9297.938000 0.411353
9298.691000 0.411383
9299.445000 0.411413
9300.200000 0.411450
9300.954000 0.411507
9301.709000 0.411563
9302.464000 0.411620
9303.219000 0.411679
9303.973000 0.411739
9304.728000 0.411798
9305.482000 0.411858
9306.237000 0.411918
9306.992000 0.411978
9307.747000 0.412037
9308.503000 0.412097
9309.258000 0.412157
9310.013000 0.412216
9310.768000 0.412250
9311.523000 0.412284
9312.278000 0.412318
9313.034000 0.412374
9313.790000 0.412443
9314.545000 0.412512
9315.301000 0.412582
9316.057000 0.412651
9316.813000 0.412720
9317.568000 0.412789
9318.324000 0.412859
9319.080000 0.412928
9319.836000 0.412997
9320.592000 0.413087
9321.348000 0.413183
9322.104000 0.413279
9322.860000 0.413357
9323.616000 0.413411
9324.373000 0.413465
9325.130000 0.413519
9325.886000 0.413572
9326.643000 0.413626
9327.399000 0.413680
9328.155000 0.413734
9328.912000 0.413787
9329.669000 0.413841
9330.426000 0.413880
9331.183000 0.413908
9331.940000 0.413935
9332.697000 0.413970
9333.454000 0.414040
9334.211000 0.414110
9334.969000 0.414179
9335.726000 0.414249
9336.483000 0.414319
9337.240000 0.414388
9337.998000 0.414458
9338.756000 0.414528
9339.513000 0.414598
9340.271000 0.414677
9341.028000 0.414773
9341.786000 0.414870
9342.544000 0.414966
9343.302000 0.415040
9344.060000 0.415114
9344.817000 0.415187
9345.576000 0.415261
9346.334000 0.415335
9347.092000 0.415408
9347.851000 0.415482
9348.608000 0.415556
9349.367000 0.415629
9350.126000 0.415699
9350.884000 0.415746
9351.643000 0.415793
9352.401000 0.415841
9353.160000 0.415903
9353.919000 0.415970
9354.678000 0.416037
9355.437000 0.416104
9356.195000 0.416171
9356.954000 0.416237
9357.714000 0.416305
9358.473000 0.416371
9359.231000 0.416438
9359.991000 0.416505
9360.750000 0.416598
9361.510000 0.416692
9362.270000 0.416786
9363.028000 0.416892
9363.788000 0.417005
9364.548000 0.417119
9365.308000 0.417232
9366.067000 0.417345
9366.827000 0.417459
9367.587000 0.417573
9368.347000 0.417686
9369.106000 0.417800
9369.867000 0.417913
9370.627000 0.418005
9371.387000 0.418092
9372.147000 0.418179
9372.907000 0.418266
9373.668000 0.418353
9374.429000 0.418440
9375.188000 0.418527
9375.949000 0.418614
9376.710000 0.418700
9377.471000 0.418788
9378.231000 0.418875
9378.992000 0.418962
9379.753000 0.419049
9380.514000 0.419154
9381.275000 0.419268
9382.036000 0.419382
9382.797000 0.419463
9383.559000 0.419466
9384.319000 0.419468
9385.081000 0.419470
9385.842000 0.419473
9386.604000 0.419475
9387.365000 0.419477
9388.126000 0.419479
9388.888000 0.419482
9389.649000 0.419484
9390.411000 0.419486
9391.173000 0.419488
9391.935000 0.419490
9392.697000 0.419501
9393.459000 0.419556
9394.221000 0.419611
9394.983000 0.419666
9395.745000 0.419721
9396.507000 0.419776
9397.270000 0.419831
9398.032000 0.419886
9398.794000 0.419941
9399.557000 0.419996
9400.319000 0.420027
9401.082000 0.420025
9401.845000 0.420023
9402.607000 0.420015
9403.370000 0.419871
9404.133000 0.419727
9404.896000 0.419583
9405.658000 0.419438
9406.422000 0.419294
9407.185000 0.419149
9407.948000 0.419005
9408.711000 0.418860
9409.475000 0.418716
9410.237000 0.418579
9411.001000 0.418462
9411.765000 0.418344
9412.528000 0.418226
9413.291000 0.418102
9414.055000 0.417978
9414.818000 0.417853
9415.583000 0.417729
9416.347000 0.417604
9417.110000 0.417480
9417.874000 0.417355
9418.639000 0.417230
9419.402000 0.417105
9420.166000 0.416975
9420.931000 0.416823
9421.695000 0.416671
9422.459000 0.416519
9423.224000 0.416351
9423.988000 0.416179
9424.753000 0.416007
9425.517000 0.415836
9426.281000 0.415664
9427.046000 0.415492
9427.812000 0.415320
9428.576000 0.415148
9429.341000 0.414976
9430.105000 0.414811
9430.871000 0.414683
9431.636000 0.414555
9432.400000 0.414428
9433.166000 0.414300
9433.932000 0.414172
9434.696000 0.414044
9435.462000 0.413916
9436.228000 0.413788
9436.993000 0.413660
9437.759000 0.413532
9438.524000 0.413404
9439.290000 0.413275
9440.056000 0.413145
9440.821000 0.412990
9441.587000 0.412835
9442.353000 0.412680
9443.119000 0.412562
9443.885000 0.412460
9444.651000 0.412358
9445.417000 0.412256
9446.184000 0.412154
9446.950000 0.412052
9447.716000 0.411950
9448.482000 0.411848
9449.249000 0.411746
9450.016000 0.411644
9450.782000 0.411569
9451.549000 0.411493
9452.315000 0.411417
9453.082000 0.411391
9453.850000 0.411392
9454.616000 0.411393
9455.383000 0.411394
9456.150000 0.411396
9456.917000 0.411397
9457.685000 0.411398
9458.452000 0.411399
9459.219000 0.411401
9459.986000 0.411402
9460.754000 0.411403
9461.521000 0.411404
9462.289000 0.411405
9463.057000 0.411428
9463.824000 0.411466
9464.592000 0.411504
9465.359000 0.411542
9466.128000 0.411580
9466.896000 0.411618
9467.663000 0.411656
9468.432000 0.411693
9469.199000 0.411732
9469.968000 0.411770
9470.736000 0.411782
9471.504000 0.411793
9472.272000 0.411804
9473.041000 0.411874
9473.810000 0.411986
9474.578000 0.412098
9475.347000 0.412210
9476.115000 0.412322
9476.884000 0.412434
9477.652000 0.412546
9478.422000 0.412658
9479.190000 0.412771
9479.960000 0.412883
9480.729000 0.413020
9481.498000 0.413160
9482.267000 0.413299
9483.036000 0.413480
9483.806000 0.413693
9484.575000 0.413907
9485.344000 0.414120
9486.113000 0.414333
9486.883000 0.414547
9487.652000 0.414760
9488.423000 0.414974
9489.192000 0.415188
9489.962000 0.415402
9490.731000 0.415616
9491.502000 0.415830
9492.271000 0.416044
9493.042000 0.416250
9493.812000 0.416451
9494.582000 0.416651
9495.353000 0.416852
9496.122000 0.417053
9496.893000 0.417253
9497.663000 0.417454
9498.434000 0.417655
9499.204000 0.417856
9499.975000 0.418057
9500.745000 0.418227
9501.517000 0.418396
9502.287000 0.418565
9503.058000 0.418692
9503.829000 0.418790
9504.600000 0.418887
9505.371000 0.418985
9506.142000 0.419083
9506.913000 0.419180
9507.685000 0.419278
9508.456000 0.419376
9509.227000 0.419474
9509.998000 0.419571
9510.770000 0.419696
9511.541000 0.419821
9512.313000 0.419947
9513.085000 0.420047
9513.856000 0.420131
9514.628000 0.420215
9515.400000 0.420300
9516.172000 0.420384
9516.944000 0.420469
9517.716000 0.420553
9518.488000 0.420638
9519.260000 0.420722
9520.032000 0.420806
9520.805000 0.420863
9521.577000 0.420920
9522.350000 0.420977
9523.122000 0.420989
9523.895000 0.420977
9524.667000 0.420966
9525.439000 0.420955
9526.213000 0.420944
9526.985000 0.420933
9527.758000 0.420922
9528.531000 0.420911
9529.304000 0.420899
9530.077000 0.420891
9530.851000 0.420907
9531.623000 0.420923
9532.396000 0.420940
9533.170000 0.420895
9533.943000 0.420825
9534.717000 0.420756
9535.490000 0.420687
9536.264000 0.420618
9537.037000 0.420549
9537.811000 0.420479
9538.585000 0.420410
9539.358000 0.420341
9540.132000 0.420271
9540.906000 0.420202
9541.680000 0.420132
9542.454000 0.420063
9543.229000 0.419977
9544.003000 0.419886
9544.776000 0.419796
9545.551000 0.419706
9546.325000 0.419615
9547.100000 0.419525
9547.874000 0.419434
9548.648000 0.419344
9549.424000 0.419253
9550.198000 0.419156
9550.973000 0.419038
9551.748000 0.418919
9552.522000 0.418801
9553.298000 0.418661
9554.072000 0.418519
9554.848000 0.418376
9555.623000 0.418234
9556.397000 0.418091
9557.173000 0.417949
9557.948000 0.417806
9558.724000 0.417664
9559.499000 0.417521
9560.274000 0.417388
9561.050000 0.417272
9561.826000 0.417157
9562.602000 0.417042
9563.377000 0.417009
9564.153000 0.416980
9564.929000 0.416950
9565.705000 0.416920
9566.480000 0.416890
9567.257000 0.416861
9568.033000 0.416831
9568.810000 0.416801
9569.585000 0.416771
9570.361000 0.416741
9571.138000 0.416711
9571.914000 0.416681
9572.691000 0.416652
9573.468000 0.416636
9574.244000 0.416619
9575.021000 0.416603
9575.798000 0.416587
9576.574000 0.416570
9577.352000 0.416554
9578.128000 0.416537
9578.905000 0.416521
9579.683000 0.416504
9580.459000 0.416471
9581.236000 0.416427
9582.014000 0.416383
9582.791000 0.416349
9583.568000 0.416349
9584.346000 0.416350
9585.124000 0.416351
9585.901000 0.416351
9586.679000 0.416352
9587.456000 0.416353
9588.234000 0.416353
9589.012000 0.416354
9589.790000 0.416355
9590.567000 0.416375
9591.346000 0.416403
9592.124000 0.416431
9592.902000 0.416464
9593.681000 0.416506
9594.459000 0.416547
9595.237000 0.416589
9596.016000 0.416631
9596.794000 0.416673
9597.572000 0.416714
9598.351000 0.416756
9599.130000 0.416798
9599.908000 0.416840
9600.687000 0.416871
9601.466000 0.416901
9602.245000 0.416930
9603.023000 0.416979
9603.803000 0.417047
9604.582000 0.417115
9605.361000 0.417183
9606.140000 0.417251
9606.919000 0.417319
9607.698000 0.417387
9608.479000 0.417455
9609.258000 0.417523
9610.037000 0.417590
9610.816000 0.417630
9611.597000 0.417670
9612.376000 0.417710
9613.156000 0.417727
9613.936000 0.417732
9614.716000 0.417737
9615.495000 0.417743
9616.275000 0.417748
9617.056000 0.417753
9617.836000 0.417759
9618.616000 0.417764
9619.396000 0.417769
9620.177000 0.417781
9620.957000 0.417814
9621.737000 0.417846
9622.519000 0.417879
9623.299000 0.417880
9624.079000 0.417874
9624.860000 0.417868
9625.641000 0.417863
9626.422000 0.417857
9627.203000 0.417852
9627.983000 0.417846
9628.765000 0.417841
9629.546000 0.417835
9630.327000 0.417835
9631.108000 0.417842
9631.890000 0.417849
9632.671000 0.417856
9633.452000 0.417849
9634.233000 0.417842
9635.016000 0.417835
9635.797000 0.417829
9636.579000 0.417822
9637.360000 0.417815
9638.143000 0.417808
9638.924000 0.417801
9639.706000 0.417794
9640.488000 0.417770
9641.271000 0.417735
9642.052000 0.417700
9642.834000 0.417661
9643.616000 0.417612
9644.399000 0.417563
9645.182000 0.417514
9645.964000 0.417465
9646.746000 0.417416
9647.529000 0.417367
9648.312000 0.417318
9649.094000 0.417269
9649.877000 0.417220
9650.660000 0.417193
9651.442000 0.417172
9652.226000 0.417150
9653.009000 0.417145
9653.792000 0.417158
9654.575000 0.417171
9655.358000 0.417185
9656.142000 0.417198
9656.925000 0.417212
9657.708000 0.417225
9658.491000 0.417238
9659.275000 0.417252
9660.059000 0.417265
9660.842000 0.417278
9661.626000 0.417291
9662.410000 0.417304
9663.193000 0.417336
9663.978000 0.417378
9664.762000 0.417419
9665.546000 0.417460
9666.329000 0.417501
9667.113000 0.417542
9667.897000 0.417583
9668.683000 0.417624
9669.467000 0.417666
9670.251000 0.417698
9671.035000 0.417711
9671.820000 0.417724
9672.604000 0.417737
9673.390000 0.417769
9674.174000 0.417803
9674.959000 0.417837
9675.743000 0.417872
9676.528000 0.417906
9677.313000 0.417940
9678.099000 0.417974
9678.884000 0.418008
9679.669000 0.418042
9680.454000 0.418092
9681.239000 0.418154
9682.024000 0.418216
9682.811000 0.418285
9683.596000 0.418386
9684.381000 0.418486
9685.167000 0.418587
9685.952000 0.418688
9686.738000 0.418788
9687.524000 0.418889
9688.310000 0.418990
9689.096000 0.419090
9689.882000 0.419191
9690.668000 0.419292
9691.454000 0.419392
9692.240000 0.419493
9693.026000 0.419595
9693.813000 0.419699
9694.600000 0.419804
9695.386000 0.419908
9696.172000 0.420012
9696.959000 0.420116
9697.745000 0.420220
9698.532000 0.420325
9699.319000 0.420429
9700.105000 0.420530
9700.893000 0.420605
9701.680000 0.420681
9702.467000 0.420757
9703.254000 0.420868
9704.041000 0.420990
9704.828000 0.421112
9705.615000 0.421234
9706.402000 0.421356
9707.190000 0.421478
9707.978000 0.421600
9708.766000 0.421722
9709.553000 0.421844
9710.341000 0.421979
9711.128000 0.422129
9711.916000 0.422279
9712.704000 0.422427
9713.492000 0.422531
9714.279000 0.422635
9715.067000 0.422739
9715.855000 0.422843
9716.644000 0.422947
9717.433000 0.423051
9718.221000 0.423156
9719.009000 0.423260
9719.798000 0.423364
9720.586000 0.423468
9721.374000 0.423572
9722.163000 0.423676
9722.952000 0.423760
9723.740000 0.423811
9724.529000 0.423861
9725.318000 0.423912
9726.107000 0.423962
9726.896000 0.424013
9727.686000 0.424063
9728.475000 0.424114
9729.264000 0.424164
9730.053000 0.424213
9730.842000 0.424235
9731.632000 0.424256
9732.421000 0.424278
9733.211000 0.424307
9734.000000 0.424339
9734.790000 0.424372
9735.579000 0.424404
9736.369000 0.424436
9737.159000 0.424469
9737.949000 0.424501
9738.739000 0.424534
9739.529000 0.424566
9740.319000 0.424610
9741.109000 0.424670
9741.899000 0.424731
9742.689000 0.424790
9743.480000 0.424808
9744.271000 0.424826
9745.061000 0.424843
9745.852000 0.424861
9746.642000 0.424878
9747.433000 0.424896
9748.224000 0.424914
9749.015000 0.424931
9749.805000 0.424949
9750.596000 0.424966
9751.387000 0.424983
9752.178000 0.425000
9752.970000 0.425035
9753.761000 0.425099
9754.552000 0.425163
9755.343000 0.425227
9756.135000 0.425290
9756.926000 0.425354
9757.718000 0.425418
9758.509000 0.425482
9759.301000 0.425546
9760.092000 0.425610
9760.884000 0.425673
9761.676000 0.425737
9762.468000 0.425801
9763.260000 0.425854
9764.052000 0.425903
9764.844000 0.425952
9765.636000 0.426001
9766.428000 0.426050
9767.221000 0.426100
9768.013000 0.426149
9768.805000 0.426198
9769.598000 0.426247
9770.391000 0.426282
9771.183000 0.426302
9771.976000 0.426322
9772.769000 0.426353
9773.561000 0.426470
9774.354000 0.426588
9775.146000 0.426705
9775.939000 0.426822
9776.732000 0.426940
9777.525000 0.427057
9778.319000 0.427175
9779.112000 0.427292
9779.905000 0.427410
9780.699000 0.427552
9781.492000 0.427698
9782.286000 0.427844
9783.079000 0.428012
9783.873000 0.428202
9784.667000 0.428391
9785.461000 0.428581
9786.254000 0.428770
9787.048000 0.428960
9787.842000 0.429150
9788.636000 0.429340
9789.431000 0.429530
9790.225000 0.429719
9791.019000 0.429909
9791.813000 0.430098
9792.607000 0.430288
9793.401000 0.430507
9794.196000 0.430729
9794.990000 0.430951
9795.785000 0.431174
9796.580000 0.431396
9797.375000 0.431619
9798.169000 0.431841
9798.964000 0.432064
9799.759000 0.432287
9800.554000 0.432497
9801.350000 0.432701
9802.145000 0.432905
9802.939000 0.433125
9803.734000 0.433376
9804.530000 0.433628
9805.325000 0.433880
9806.121000 0.434132
9806.916000 0.434384
9807.712000 0.434636
9808.508000 0.434888
9809.303000 0.435140
9810.099000 0.435388
9810.895000 0.435611
9811.690000 0.435833
9812.486000 0.436055
9813.282000 0.436247
9814.079000 0.436429
9814.875000 0.436611
9815.671000 0.436794
9816.468000 0.436976
9817.264000 0.437158
9818.061000 0.437341
9818.856000 0.437522
9819.653000 0.437705
9820.449000 0.437904
9821.246000 0.438115
9822.043000 0.438327
9822.840000 0.438528
9823.637000 0.438681
9824.434000 0.438835
9825.230000 0.438988
9826.027000 0.439142
9826.825000 0.439296
9827.622000 0.439449
9828.419000 0.439603
9829.217000 0.439756
9830.014000 0.439910
9830.812000 0.440082
9831.608000 0.440253
9832.406000 0.440424
9833.204000 0.440577
9834.002000 0.440719
9834.800000 0.440861
9835.598000 0.441004
9836.396000 0.441146
9837.193000 0.441288
9837.991000 0.441431
9838.789000 0.441573
9839.587000 0.441715
9840.386000 0.441858
9841.184000 0.442000
9841.982000 0.442142
9842.780000 0.442278
9843.579000 0.442365
9844.378000 0.442453
9845.176000 0.442540
9845.975000 0.442627
9846.773000 0.442715
9847.572000 0.442802
9848.371000 0.442889
9849.170000 0.442977
9849.969000 0.443064
9850.769000 0.443122
9851.567000 0.443178
9852.366000 0.443235
9853.166000 0.443262
9853.965000 0.443267
9854.765000 0.443273
9855.563000 0.443278
9856.363000 0.443283
9857.163000 0.443288
9857.963000 0.443294
9858.763000 0.443299
9859.562000 0.443304
9860.362000 0.443323
9861.162000 0.443358
9861.962000 0.443393
9862.762000 0.443426
9863.562000 0.443436
9864.362000 0.443445
9865.162000 0.443454
9865.963000 0.443464
9866.763000 0.443473
9867.563000 0.443483
9868.364000 0.443492
9869.164000 0.443501
9869.965000 0.443511
9870.766000 0.443520
9871.566000 0.443528
9872.367000 0.443537
9873.168000 0.443531
9873.969000 0.443514
9874.770000 0.443497
9875.571000 0.443480
9876.372000 0.443463
9877.174000 0.443445
9877.975000 0.443428
9878.776000 0.443411
9879.577000 0.443394
9880.379000 0.443377
9881.181000 0.443359
9881.981000 0.443341
9882.783000 0.443325
9883.585000 0.443330
9884.387000 0.443334
9885.188000 0.443339
9885.991000 0.443343
9886.793000 0.443347
9887.595000 0.443352
9888.396000 0.443356
9889.199000 0.443360
9890.001000 0.443364
9890.804000 0.443338
9891.606000 0.443311
9892.408000 0.443284
9893.211000 0.443234
9894.014000 0.443171
9894.816000 0.443107
9895.619000 0.443043
9896.422000 0.442979
9897.225000 0.442916
9898.027000 0.442852
9898.830000 0.442788
9899.633000 0.442725
9900.437000 0.442677
9901.239000 0.442643
9902.043000 0.442609
9902.846000 0.442583
9903.649000 0.442597
9904.453000 0.442611
9905.256000 0.442625
9906.060000 0.442639
9906.863000 0.442653
9907.667000 0.442667
9908.471000 0.442681
9909.274000 0.442695
9910.078000 0.442709
9910.883000 0.442723
9911.687000 0.442736
9912.490000 0.442749
9913.295000 0.442702
9914.099000 0.442630
9914.903000 0.442558
9915.707000 0.442486
9916.512000 0.442414
9917.316000 0.442342
9918.121000 0.442270
9918.925000 0.442198
9919.729000 0.442126
9920.534000 0.442053
9921.340000 0.441980
9922.145000 0.441907
9922.949000 0.441844
9923.754000 0.441804
9924.560000 0.441765
9925.364000 0.441725
9926.170000 0.441686
9926.975000 0.441647
9927.780000 0.441607
9928.585000 0.441568
9929.391000 0.441528
9930.196000 0.441488
9931.002000 0.441448
9931.808000 0.441408
9932.613000 0.441367
9933.419000 0.441295
9934.225000 0.441217
9935.030000 0.441140
9935.837000 0.441062
9936.643000 0.440985
9937.448000 0.440907
9938.255000 0.440829
9939.062000 0.440751
9939.867000 0.440674
9940.674000 0.440570
9941.480000 0.440461
9942.286000 0.440352
9943.093000 0.440223
9943.899000 0.440069
9944.706000 0.439916
9945.513000 0.439762
9946.320000 0.439608
9947.127000 0.439455
9947.934000 0.439301
9948.741000 0.439147
9949.548000 0.438993
9950.354000 0.438852
9951.162000 0.438728
9951.970000 0.438603
9952.776000 0.438479
9953.584000 0.438359
9954.392000 0.438238
9955.199000 0.438117
9956.007000 0.437996
9956.814000 0.437876
9957.622000 0.437755
9958.430000 0.437634
9959.237000 0.437513
9960.046000 0.437392
9960.854000 0.437270
9961.662000 0.437149
9962.470000 0.437027
9963.278000 0.436910
9964.086000 0.436796
9964.895000 0.436682
9965.703000 0.436567
9966.512000 0.436453
9967.320000 0.436338
9968.129000 0.436224
9968.937000 0.436109
9969.746000 0.435995
9970.555000 0.435880
9971.363000 0.435764
9972.172000 0.435649
9972.981000 0.435547
9973.790000 0.435477
9974.600000 0.435407
9975.408000 0.435336
9976.218000 0.435266
9977.027000 0.435196
9977.837000 0.435125
9978.646000 0.435055
9979.455000 0.434984
9980.265000 0.434914
9981.074000 0.434842
9981.884000 0.434771
9982.694000 0.434700
9983.504000 0.434657
9984.313000 0.434615
9985.124000 0.434574
9985.934000 0.434533
9986.744000 0.434492
9987.554000 0.434450
9988.364000 0.434409
9989.175000 0.434367
9989.984000 0.434326
9990.795000 0.434254
9991.605000 0.434182
9992.416000 0.434110
9993.227000 0.434094
9994.037000 0.434116
9994.849000 0.434138
9995.659000 0.434160
9996.470000 0.434182
9997.281000 0.434204
9998.092000 0.434226
9998.903000 0.434248
9999.714000 0.434269
10000.530000 0.434323
10001.340000 0.434395
10002.150000 0.434466
10002.960000 0.434534
10003.770000 0.434594
10004.580000 0.434654
10005.390000 0.434714
10006.210000 0.434774
10007.020000 0.434834
10007.830000 0.434894
10008.640000 0.434954
10009.450000 0.435015
10010.260000 0.435074
10011.080000 0.435134
10011.890000 0.435193
10012.700000 0.435253
10013.510000 0.435334
10014.330000 0.435416
10015.140000 0.435498
10015.950000 0.435581
10016.760000 0.435663
10017.580000 0.435745
10018.390000 0.435828
10019.200000 0.435910
10020.010000 0.435992
10020.830000 0.436074
10021.640000 0.436156
10022.450000 0.436238
10023.270000 0.436332
10024.080000 0.436433
10024.890000 0.436534
10025.710000 0.436634
10026.520000 0.436735
10027.330000 0.436836
10028.150000 0.436937
10028.960000 0.437038
10029.770000 0.437139
10030.590000 0.437240
10031.400000 0.437341
10032.210000 0.437441
10033.030000 0.437500
10033.840000 0.437479
10034.660000 0.437458
10035.470000 0.437437
10036.280000 0.437415
10037.100000 0.437394
10037.910000 0.437373
10038.730000 0.437352
10039.540000 0.437331
10040.350000 0.437296
10041.170000 0.437243
10041.980000 0.437191
10042.800000 0.437135
10043.610000 0.437025
10044.430000 0.436916
10045.240000 0.436806
10046.060000 0.436696
10046.870000 0.436586
10047.690000 0.436477
10048.500000 0.436367
10049.320000 0.436257
10050.130000 0.436152
10050.950000 0.436072
10051.760000 0.435992
10052.580000 0.435912
10053.390000 0.435778
10054.210000 0.435629
10055.030000 0.435480
10055.840000 0.435331
10056.660000 0.435182
10057.470000 0.435033
10058.290000 0.434884
10059.110000 0.434735
10059.920000 0.434586
10060.740000 0.434436
10061.550000 0.434286
10062.370000 0.434136
10063.190000 0.433941
10064.000000 0.433707
10064.820000 0.433472
10065.630000 0.433238
10066.450000 0.433003
10067.270000 0.432768
10068.080000 0.432534
10068.900000 0.432299
10069.720000 0.432064
10070.540000 0.431829
10071.350000 0.431592
10072.170000 0.431357
10072.990000 0.431103
10073.800000 0.430802
10074.620000 0.430500
10075.440000 0.430199
10076.260000 0.429897
10077.070000 0.429596
10077.890000 0.429294
10078.710000 0.428992
10079.530000 0.428690
10080.340000 0.428388
10081.160000 0.428085
10081.980000 0.427783
10082.800000 0.427481
10083.610000 0.427221
10084.430000 0.426960
10085.250000 0.426699
10086.070000 0.426438
10086.890000 0.426177
10087.710000 0.425916
10088.520000 0.425655
10089.340000 0.425393
10090.160000 0.425132
10090.980000 0.424870
10091.800000 0.424608
10092.620000 0.424346
10093.430000 0.424191
10094.250000 0.424059
10095.070000 0.423928
10095.890000 0.423797
10096.710000 0.423666
10097.530000 0.423534
10098.350000 0.423403
10099.170000 0.423271
10099.990000 0.423140
10100.810000 0.423008
10101.630000 0.422876
10102.450000 0.422743
10103.260000 0.422611
10104.080000 0.422479
10104.900000 0.422347
10105.720000 0.422214
10106.540000 0.422082
10107.360000 0.421949
10108.180000 0.421817
10109.000000 0.421684
10109.820000 0.421552
10110.640000 0.421395
10111.460000 0.421233
10112.280000 0.421069
10113.100000 0.420962
10113.920000 0.420934
10114.750000 0.420907
10115.570000 0.420880
10116.390000 0.420853
10117.210000 0.420825
10118.030000 0.420798
10118.850000 0.420770
10119.670000 0.420743
10120.490000 0.420733
10121.310000 0.420735
10122.130000 0.420737
10122.950000 0.420769
10123.780000 0.420911
10124.600000 0.421052
10125.420000 0.421194
10126.240000 0.421335
10127.060000 0.421477
10127.880000 0.421619
10128.700000 0.421761
10129.530000 0.421903
10130.350000 0.422044
10131.170000 0.422186
10131.990000 0.422327
10132.810000 0.422471
10133.630000 0.422659
10134.460000 0.422847
10135.280000 0.423035
10136.100000 0.423224
10136.920000 0.423412
10137.750000 0.423600
10138.570000 0.423789
10139.390000 0.423978
10140.210000 0.424166
10141.040000 0.424354
10141.860000 0.424543
10142.680000 0.424731
10143.500000 0.424964
10144.330000 0.425203
10145.150000 0.425442
10145.970000 0.425681
10146.800000 0.425921
10147.620000 0.426160
10148.440000 0.426400
10149.270000 0.426639
10150.090000 0.426879
10150.910000 0.427118
10151.740000 0.427357
10152.560000 0.427597
10153.380000 0.427816
10154.210000 0.428028
10155.030000 0.428241
10155.850000 0.428453
10156.680000 0.428665
10157.500000 0.428877
10158.330000 0.429090
10159.150000 0.429302
10159.970000 0.429515
10160.800000 0.429727
10161.620000 0.429939
10162.450000 0.430151
10163.270000 0.430331
10164.100000 0.430489
10164.920000 0.430646
10165.750000 0.430804
10166.570000 0.430961
10167.390000 0.431119
10168.220000 0.431276
10169.040000 0.431434
10169.870000 0.431592
10170.690000 0.431749
10171.520000 0.431906
10172.340000 0.432064
10173.170000 0.432158
10173.990000 0.432177
10174.820000 0.432198
10175.650000 0.432217
10176.470000 0.432237
10177.300000 0.432257
10178.120000 0.432277
10178.950000 0.432297
10179.770000 0.432317
10180.600000 0.432314
10181.420000 0.432303
10182.250000 0.432292
10183.080000 0.432254
10183.900000 0.432164
10184.730000 0.432074
10185.560000 0.431984
10186.380000 0.431894
10187.210000 0.431804
10188.030000 0.431714
10188.860000 0.431624
10189.690000 0.431534
10190.510000 0.431463
10191.340000 0.431403
10192.170000 0.431343
10192.990000 0.431250
10193.820000 0.431052
10194.650000 0.430853
10195.470000 0.430656
10196.300000 0.430457
10197.130000 0.430259
10197.960000 0.430061
10198.780000 0.429862
10199.610000 0.429664
10200.440000 0.429466
10201.270000 0.429270
10202.090000 0.429073
10202.920000 0.428868
10203.750000 0.428616
10204.580000 0.428364
10205.400000 0.428111
10206.230000 0.427859
10207.060000 0.427606
10207.890000 0.427354
10208.720000 0.427101
10209.540000 0.426848
10210.370000 0.426595
10211.200000 0.426342
10212.030000 0.426089
10212.860000 0.425838
10213.690000 0.425624
10214.510000 0.425410
10215.340000 0.425196
10216.170000 0.424982
10217.000000 0.424768
10217.830000 0.424554
10218.660000 0.424339
10219.490000 0.424125
10220.320000 0.423911
10221.150000 0.423696
10221.970000 0.423480
10222.800000 0.423266
10223.630000 0.423150
10224.460000 0.423034
10225.290000 0.422918
10226.120000 0.422802
10226.950000 0.422686
10227.780000 0.422569
10228.610000 0.422453
10229.440000 0.422337
10230.270000 0.422221
10231.100000 0.422104
10231.930000 0.421987
10232.760000 0.421871
10233.590000 0.421863
10234.420000 0.421862
10235.250000 0.421860
10236.080000 0.421859
10236.910000 0.421857
10237.740000 0.421856
10238.570000 0.421855
10239.400000 0.421853
10240.230000 0.421852
10241.060000 0.421850
10241.900000 0.421848
10242.730000 0.421846
10243.560000 0.421988
10244.390000 0.422146
10245.220000 0.422304
10246.050000 0.422462
10246.880000 0.422619
10247.710000 0.422777
10248.540000 0.422935
10249.380000 0.423093
10250.210000 0.423251
10251.040000 0.423409
10251.870000 0.423567
10252.700000 0.423725
10253.530000 0.424081
10254.370000 0.424467
10255.200000 0.424853
10256.030000 0.425239
10256.860000 0.425625
10257.690000 0.426011
10258.520000 0.426397
10259.360000 0.426785
10260.190000 0.427171
10261.020000 0.427557
10261.850000 0.427944
10262.690000 0.428330
10263.520000 0.428775
10264.350000 0.429229
10265.180000 0.429685
10266.020000 0.430139
10266.850000 0.430595
10267.680000 0.431050
10268.520000 0.431506
10269.350000 0.431961
10270.180000 0.432417
10271.010000 0.432872
10271.850000 0.433328
10272.680000 0.433784
10273.510000 0.434344
10274.350000 0.434925
10275.180000 0.435506
10276.020000 0.436087
10276.850000 0.436668
10277.680000 0.437249
10278.520000 0.437831
10279.350000 0.438412
10280.180000 0.438987
10281.020000 0.439537
10281.850000 0.440087
10282.690000 0.440638
10283.520000 0.441161
10284.350000 0.441679
10285.190000 0.442197
10286.020000 0.442716
10286.860000 0.443234
10287.690000 0.443753
10288.530000 0.444271
10289.360000 0.444790
10290.200000 0.445316
10291.030000 0.445866
10291.870000 0.446417
10292.700000 0.446968
10293.540000 0.447487
10294.370000 0.448002
10295.210000 0.448517
10296.040000 0.449032
10296.880000 0.449547
10297.710000 0.450062
10298.550000 0.450578
10299.380000 0.451094
10300.220000 0.451610
10301.050000 0.452125
10301.890000 0.452641
10302.720000 0.453157
10303.560000 0.453580
10304.400000 0.453991
10305.230000 0.454402
10306.070000 0.454814
10306.900000 0.455225
10307.740000 0.455636
10308.580000 0.456048
10309.410000 0.456460
10310.250000 0.456872
10311.080000 0.457283
10311.920000 0.457695
10312.760000 0.458107
10313.590000 0.458411
10314.430000 0.458705
10315.270000 0.459000
10316.110000 0.459295
10316.940000 0.459590
10317.780000 0.459885
10318.620000 0.460180
10319.450000 0.460475
10320.290000 0.460770
10321.130000 0.461064
10321.960000 0.461360
10322.800000 0.461655
10323.640000 0.461777
10324.480000 0.461893
10325.310000 0.462010
10326.150000 0.462126
10326.990000 0.462243
10327.830000 0.462360
10328.670000 0.462477
10329.500000 0.462593
10330.340000 0.462710
10331.180000 0.462826
10332.020000 0.462943
10332.860000 0.463058
10333.690000 0.463130
10334.530000 0.463201
10335.370000 0.463273
10336.210000 0.463345
10337.050000 0.463417
10337.890000 0.463489
10338.720000 0.463561
10339.560000 0.463633
10340.400000 0.463705
10341.240000 0.463776
10342.080000 0.463848
10342.920000 0.463907
10343.760000 0.463861
10344.600000 0.463814
10345.440000 0.463768
10346.280000 0.463721
10347.110000 0.463675
10347.950000 0.463628
10348.790000 0.463581
10349.630000 0.463535
10350.470000 0.463488
10351.310000 0.463441
10352.150000 0.463394
10352.990000 0.463350
10353.830000 0.463324
10354.670000 0.463297
10355.510000 0.463270
10356.350000 0.463244
10357.190000 0.463217
10358.030000 0.463190
10358.870000 0.463164
10359.710000 0.463137
10360.550000 0.463110
10361.390000 0.463083
10362.230000 0.463056
10363.070000 0.463025
10363.920000 0.462986
10364.760000 0.462946
10365.600000 0.462907
10366.440000 0.462867
10367.280000 0.462828
10368.120000 0.462788
10368.960000 0.462749
10369.800000 0.462709
10370.640000 0.462669
10371.480000 0.462629
10372.330000 0.462589
10373.170000 0.462587
10374.010000 0.462646
10374.850000 0.462705
10375.690000 0.462763
10376.530000 0.462821
10377.370000 0.462880
10378.220000 0.462938
10379.060000 0.462997
10379.900000 0.463056
10380.740000 0.463114
10381.580000 0.463172
10382.430000 0.463231
10383.270000 0.463304
10384.110000 0.463391
10384.950000 0.463478
10385.800000 0.463565
10386.640000 0.463653
10387.480000 0.463740
10388.320000 0.463827
10389.170000 0.463914
10390.010000 0.464002
10390.850000 0.464089
10391.700000 0.464176
10392.540000 0.464263
10393.380000 0.464342
10394.220000 0.464417
10395.070000 0.464491
10395.910000 0.464566
10396.750000 0.464641
10397.600000 0.464716
10398.440000 0.464790
10399.290000 0.464865
10400.130000 0.464940
10400.970000 0.465016
10401.820000 0.465092
10402.660000 0.465168
10403.500000 0.465312
10404.350000 0.465474
10405.190000 0.465637
10406.040000 0.465800
10406.880000 0.465963
10407.720000 0.466126
10408.570000 0.466289
10409.410000 0.466452
10410.260000 0.466615
10411.100000 0.466778
10411.950000 0.466941
10412.790000 0.467104
10413.640000 0.467186
10414.480000 0.467262
10415.330000 0.467339
10416.170000 0.467415
10417.020000 0.467491
10417.860000 0.467567
10418.710000 0.467643
10419.550000 0.467720
10420.400000 0.467796
10421.240000 0.467872
10422.090000 0.467948
10422.930000 0.468017
10423.780000 0.468018
10424.620000 0.468020
10425.470000 0.468021
10426.320000 0.468023
10427.160000 0.468024
10428.010000 0.468025
10428.850000 0.468026
10429.700000 0.468028
10430.540000 0.468029
10431.390000 0.468030
10432.240000 0.468031
10433.080000 0.468022
10433.930000 0.467986
10434.780000 0.467950
10435.620000 0.467913
10436.470000 0.467877
10437.320000 0.467841
10438.160000 0.467804
10439.010000 0.467768
10439.860000 0.467731
10440.700000 0.467695
10441.550000 0.467658
10442.400000 0.467621
10443.240000 0.467551
10444.090000 0.467439
10444.940000 0.467327
10445.790000 0.467215
10446.630000 0.467104
10447.480000 0.466992
10448.330000 0.466880
10449.180000 0.466768
10450.020000 0.466655
10450.870000 0.466509
10451.720000 0.466362
10452.570000 0.466216
10453.420000 0.466018
10454.260000 0.465792
10455.110000 0.465566
10455.960000 0.465341
10456.810000 0.465115
10457.660000 0.464889
10458.500000 0.464663
10459.350000 0.464438
10460.200000 0.464220
10461.050000 0.464027
10461.900000 0.463835
10462.750000 0.463643
10463.600000 0.463375
10464.440000 0.463095
10465.290000 0.462815
10466.140000 0.462534
10466.990000 0.462254
10467.840000 0.461973
10468.690000 0.461692
10469.540000 0.461411
10470.390000 0.461131
10471.240000 0.460850
10472.090000 0.460568
10472.940000 0.460290
10473.790000 0.460047
10474.640000 0.459803
10475.490000 0.459559
10476.330000 0.459315
10477.190000 0.459071
10478.040000 0.458827
10478.880000 0.458583
10479.740000 0.458339
10480.580000 0.458095
10481.440000 0.457850
10482.290000 0.457605
10483.140000 0.457336
10483.990000 0.457012
10484.840000 0.456687
10485.690000 0.456362
10486.540000 0.456037
10487.390000 0.455712
10488.240000 0.455388
10489.090000 0.455062
10489.940000 0.454737
10490.790000 0.454412
10491.640000 0.454086
10492.490000 0.453761
10493.350000 0.453437
10494.200000 0.453115
10495.050000 0.452794
10495.900000 0.452472
10496.750000 0.452150
10497.600000 0.451828
10498.450000 0.451506
10499.310000 0.451184
10500.160000 0.450856
10501.010000 0.450502
10501.860000 0.450149
10502.710000 0.449795
10503.570000 0.449448
10504.420000 0.449103
10505.270000 0.448757
10506.120000 0.448412
10506.970000 0.448067
10507.830000 0.447721
10508.680000 0.447375
10509.530000 0.447030
10510.380000 0.446684
10511.240000 0.446338
10512.090000 0.445992
10512.940000 0.445651
10513.790000 0.445373
10514.650000 0.445094
10515.500000 0.444816
10516.350000 0.444537
10517.210000 0.444258
10518.060000 0.443980
10518.910000 0.443701
10519.770000 0.443422
10520.620000 0.443143
10521.470000 0.442864
10522.330000 0.442585
10523.180000 0.442349
10524.030000 0.442192
10524.890000 0.442036
10525.740000 0.441879
10526.600000 0.441723
10527.450000 0.441566
10528.300000 0.441409
10529.160000 0.441252
10530.010000 0.441096
10530.870000 0.440939
10531.720000 0.440782
10532.570000 0.440625
10533.430000 0.440551
10534.280000 0.440526
10535.140000 0.440500
10535.990000 0.440474
10536.850000 0.440448
10537.700000 0.440422
10538.560000 0.440396
10539.410000 0.440370
10540.270000 0.440345
10541.120000 0.440318
10541.980000 0.440292
10542.830000 0.440266
10543.690000 0.440395
10544.540000 0.440534
10545.400000 0.440673
10546.250000 0.440812
10547.110000 0.440951
10547.960000 0.441090
10548.820000 0.441230
10549.680000 0.441369
10550.530000 0.441508
10551.390000 0.441647
10552.240000 0.441786
10553.100000 0.441941
10553.960000 0.442144
10554.810000 0.442347
10555.670000 0.442550
10556.520000 0.442752
10557.380000 0.442955
10558.240000 0.443158
10559.090000 0.443361
10559.950000 0.443564
10560.810000 0.443767
10561.660000 0.443970
10562.520000 0.444173
10563.380000 0.444427
10564.230000 0.444719
10565.090000 0.445011
10565.950000 0.445304
10566.810000 0.445596
10567.660000 0.445888
10568.520000 0.446181
10569.380000 0.446473
10570.240000 0.446766
10571.090000 0.447058
10571.950000 0.447350
10572.810000 0.447643
10573.670000 0.447946
10574.520000 0.448252
10575.380000 0.448557
10576.240000 0.448863
10577.100000 0.449168
10577.960000 0.449474
10578.810000 0.449779
10579.670000 0.450084
10580.530000 0.450390
10581.390000 0.450696
10582.250000 0.451001
10583.100000 0.451303
10583.960000 0.451591
10584.820000 0.451880
10585.680000 0.452169
10586.540000 0.452458
10587.400000 0.452747
10588.260000 0.453036
10589.120000 0.453325
10589.970000 0.453613
10590.830000 0.453902
10591.690000 0.454191
10592.550000 0.454480
10593.410000 0.454747
10594.270000 0.454997
10595.130000 0.455248
10595.990000 0.455499
10596.850000 0.455750
10597.710000 0.456000
10598.570000 0.456251
10599.430000 0.456502
10600.290000 0.456752
10601.150000 0.457000
10602.010000 0.457249
10602.870000 0.457496
10603.730000 0.457524
10604.590000 0.457542
10605.450000 0.457559
10606.310000 0.457577
10607.170000 0.457595
10608.030000 0.457612
10608.890000 0.457630
10609.750000 0.457648
10610.610000 0.457666
10611.470000 0.457684
10612.330000 0.457701
10613.190000 0.457661
10614.060000 0.457503
10614.920000 0.457346
10615.780000 0.457188
10616.640000 0.457031
10617.500000 0.456873
10618.360000 0.456716
10619.220000 0.456558
10620.080000 0.456401
10620.950000 0.456243
10621.810000 0.456085
10622.670000 0.455928
10623.530000 0.455573
10624.390000 0.455141
10625.250000 0.454710
10626.120000 0.454278
10626.980000 0.453846
10627.840000 0.453415
10628.700000 0.452983
10629.570000 0.452551
10630.430000 0.452119
10631.290000 0.451687
10632.150000 0.451256
10633.010000 0.450776
10633.880000 0.449947
10634.740000 0.449116
10635.600000 0.448286
10636.470000 0.447454
10637.330000 0.446624
10638.190000 0.445793
10639.050000 0.444963
10639.920000 0.444132
10640.780000 0.443301
10641.640000 0.442470
10642.510000 0.441639
10643.370000 0.440505
10644.230000 0.439099
10645.100000 0.437693
10645.960000 0.436286
10646.820000 0.434880
10647.690000 0.433474
10648.550000 0.432067
10649.420000 0.430659
10650.280000 0.429253
10651.140000 0.427845
10652.010000 0.426437
10652.870000 0.425030
10653.740000 0.422901
10654.600000 0.420728
10655.460000 0.418554
10656.330000 0.416381
10657.190000 0.414209
10658.060000 0.412037
10658.920000 0.409861
10659.790000 0.407689
10660.650000 0.405516
10661.520000 0.403341
10662.380000 0.401166
10663.250000 0.398682
10664.110000 0.395681
10664.980000 0.392680
10665.840000 0.389680
10666.710000 0.386679
10667.570000 0.383678
10668.440000 0.380677
10669.300000 0.377676
10670.170000 0.374671
10671.030000 0.371669
10671.900000 0.368665
10672.770000 0.365663
10673.630000 0.362119
10674.500000 0.358459
10675.360000 0.354795
10676.230000 0.351131
10677.100000 0.347467
10677.960000 0.343802
10678.830000 0.340138
10679.690000 0.336473
10680.560000 0.332825
10681.430000 0.329184
10682.290000 0.325543
10683.160000 0.321807
10684.030000 0.317833
10684.890000 0.313853
10685.760000 0.309877
10686.630000 0.305896
10687.490000 0.301915
10688.360000 0.297932
10689.230000 0.293953
10690.090000 0.289967
10690.960000 0.285961
10691.830000 0.281955
10692.700000 0.277944
10693.560000 0.273905
10694.430000 0.269855
10695.300000 0.265800
10696.170000 0.261750
10697.040000 0.257694
10697.900000 0.253644
10698.770000 0.249588
10699.640000 0.245532
10700.510000 0.241481
10701.370000 0.237425
10702.240000 0.233368
10703.110000 0.229366
10703.980000 0.225569
10704.850000 0.221772
10705.720000 0.217970
10706.580000 0.214173
10707.450000 0.210375
10708.320000 0.206573
10709.190000 0.202775
10710.060000 0.198973
10710.930000 0.195170
10711.800000 0.191372
10712.670000 0.187569
10713.530000 0.184176
10714.400000 0.180966
10715.270000 0.177755
10716.140000 0.174544
10717.010000 0.171333
10717.880000 0.168119
10718.750000 0.164908
10719.620000 0.161697
10720.490000 0.158482
10721.360000 0.155270
10722.230000 0.152055
10723.100000 0.148925
10723.970000 0.146164
10724.840000 0.143406
10725.710000 0.140646
10726.580000 0.137885
10727.450000 0.135124
10728.320000 0.132362
10729.190000 0.129598
10730.060000 0.126837
10730.930000 0.124075
10731.800000 0.121311
10732.670000 0.118549
10733.540000 0.116150
10734.410000 0.113917
10735.280000 0.111681
10736.150000 0.109445
10737.030000 0.107209
10737.900000 0.104972
10738.770000 0.102736
10739.640000 0.100500
10740.510000 0.098263
10741.380000 0.096027
10742.250000 0.093790
10743.120000 0.091620
10744.000000 0.089718
10744.870000 0.087813
10745.740000 0.085910
10746.610000 0.084005
10747.480000 0.082102
10748.350000 0.080196
10749.230000 0.078291
10750.100000 0.076385
10750.970000 0.074480
10751.840000 0.072574
10752.710000 0.070669
10753.590000 0.069060
10754.460000 0.067556
10755.330000 0.066054
10756.200000 0.064551
10757.080000 0.063049
10757.950000 0.061545
10758.820000 0.060043
10759.690000 0.058539
10760.570000 0.057035
10761.440000 0.055531
10762.310000 0.054027
10763.190000 0.052603
10764.060000 0.051392
10764.930000 0.050180
10765.810000 0.048969
10766.680000 0.047756
10767.550000 0.046544
10768.430000 0.045332
10769.300000 0.044119
10770.170000 0.042907
10771.050000 0.041694
10771.920000 0.040481
10772.790000 0.039267
10773.670000 0.038296
10774.540000 0.037378
10775.420000 0.036459
10776.290000 0.035540
10777.170000 0.034621
10778.040000 0.033702
10778.910000 0.032783
10779.790000 0.031863
10780.660000 0.030944
10781.540000 0.030024
10782.410000 0.029103
10783.290000 0.028269
10784.160000 0.027570
10785.040000 0.026872
10785.910000 0.026174
10786.790000 0.025476
10787.660000 0.024777
10788.540000 0.024079
10789.410000 0.023380
10790.290000 0.022682
10791.160000 0.021983
10792.040000 0.021284
10792.910000 0.020585
10793.790000 0.020094
10794.660000 0.019614
10795.540000 0.019134
10796.420000 0.018653
10797.290000 0.018172
10798.170000 0.017692
10799.040000 0.017211
10799.920000 0.016730
10800.790000 0.016250
10801.670000 0.015769
10802.550000 0.015288
10803.420000 0.014886
10804.300000 0.014554
10805.180000 0.014223
10806.050000 0.013891
10806.930000 0.013559
10807.810000 0.013227
10808.680000 0.012895
10809.560000 0.012562
10810.440000 0.012230
10811.310000 0.011898
10812.190000 0.011566
10813.070000 0.011243
10813.950000 0.010985
10814.820000 0.010727
10815.700000 0.010469
10816.580000 0.010211
10817.460000 0.009953
10818.330000 0.009695
10819.210000 0.009437
10820.090000 0.009178
10820.970000 0.008920
10821.840000 0.008662
10822.720000 0.008404
10823.600000 0.008209
10824.480000 0.008038
10825.360000 0.007867
10826.230000 0.007697
10827.110000 0.007526
10827.990000 0.007355
10828.870000 0.007184
10829.750000 0.007013
10830.630000 0.006843
10831.500000 0.006672
10832.380000 0.006501
10833.260000 0.006348
10834.140000 0.006229
10835.020000 0.006111
10835.900000 0.005993
10836.780000 0.005874
10837.660000 0.005756
10838.540000 0.005638
10839.420000 0.005519
10840.290000 0.005401
10841.170000 0.005282
10842.050000 0.005164
10842.930000 0.005045
10843.810000 0.004961
10844.690000 0.004878
10845.570000 0.004795
10846.450000 0.004712
10847.330000 0.004628
10848.210000 0.004545
10849.090000 0.004462
10849.970000 0.004379
10850.850000 0.004296
10851.730000 0.004213
10852.610000 0.004130
10853.490000 0.004051
10854.370000 0.003977
10855.250000 0.003902
10856.130000 0.003827
10857.010000 0.003753
10857.900000 0.003678
10858.780000 0.003603
10859.660000 0.003529
10860.540000 0.003454
10861.420000 0.003380
10862.300000 0.003305
10863.180000 0.003238
10864.060000 0.003194
10864.940000 0.003150
10865.830000 0.003107
10866.710000 0.003063
10867.590000 0.003019
10868.470000 0.002975
10869.350000 0.002932
10870.230000 0.002888
10871.120000 0.002844
10872.000000 0.002800
10872.880000 0.002756
10873.760000 0.002728
10874.640000 0.002701
10875.530000 0.002675
10876.410000 0.002648
10877.290000 0.002622
10878.170000 0.002596
10879.050000 0.002569
10879.940000 0.002543
10880.820000 0.002516
10881.700000 0.002490
10882.580000 0.002463
10883.470000 0.002427
10884.350000 0.002383
10885.230000 0.002339
10886.120000 0.002295
10887.000000 0.002251
10887.880000 0.002207
10888.770000 0.002163
10889.650000 0.002119
10890.530000 0.002074
10891.420000 0.002030
10892.300000 0.001986
10893.180000 0.001950
10894.070000 0.001941
10894.950000 0.001933
10895.830000 0.001924
10896.720000 0.001915
10897.600000 0.001906
10898.490000 0.001897
10899.370000 0.001889
10900.260000 0.001880
10901.140000 0.001871
10902.020000 0.001862
10902.910000 0.001853
10903.790000 0.001818
10904.680000 0.001780
10905.560000 0.001742
10906.450000 0.001704
10907.330000 0.001666
10908.220000 0.001628
10909.100000 0.001589
10909.990000 0.001551
10910.870000 0.001513
10911.760000 0.001475
10912.640000 0.001437
10913.530000 0.001413
10914.410000 0.001397
10915.300000 0.001381
10916.180000 0.001365
10917.070000 0.001349
10917.950000 0.001333
10918.840000 0.001317
10919.730000 0.001301
10920.610000 0.001285
10921.500000 0.001269
10922.380000 0.001253
10923.270000 0.001236
10924.160000 0.001216
10925.040000 0.001195
10925.930000 0.001175
10926.810000 0.001154
10927.700000 0.001134
10928.590000 0.001114
10929.470000 0.001093
10930.360000 0.001073
10931.250000 0.001053
10932.130000 0.001032
10933.020000 0.001012
10933.910000 0.000987
10934.790000 0.000962
10935.680000 0.000937
10936.570000 0.000912
10937.460000 0.000887
10938.340000 0.000862
10939.230000 0.000838
10940.120000 0.000813
10941.010000 0.000788
10941.890000 0.000763
10942.780000 0.000738
10943.670000 0.000723
10944.560000 0.000712
10945.440000 0.000700
10946.330000 0.000689
10947.220000 0.000677
10948.110000 0.000665
10949.000000 0.000654
10949.880000 0.000642
10950.770000 0.000631
10951.660000 0.000619
10952.550000 0.000608
10953.440000 0.000596
10954.330000 0.000586
10955.210000 0.000575
10956.100000 0.000564
10956.990000 0.000554
10957.880000 0.000543
10958.770000 0.000532
10959.660000 0.000522
10960.550000 0.000511
10961.440000 0.000500
10962.330000 0.000490
10963.220000 0.000479
10964.110000 0.000468
10965.000000 0.000458
10965.880000 0.000447
10966.770000 0.000436
10967.660000 0.000425
10968.550000 0.000415
10969.440000 0.000404
