11237.840000 0.000400
11238.760000 0.000404
11239.670000 0.000408
11240.580000 0.000412
11241.490000 0.000415
11242.400000 0.000419
11243.320000 0.000423
11244.230000 0.000427
11245.140000 0.000430
11246.050000 0.000434
11246.960000 0.000438
11247.880000 0.000442
11248.790000 0.000445
11249.700000 0.000449
11250.610000 0.000453
11251.530000 0.000457
11252.440000 0.000461
11253.350000 0.000461
11254.270000 0.000453
11255.180000 0.000446
11256.090000 0.000438
11257.000000 0.000431
11257.920000 0.000423
11258.830000 0.000416
11259.740000 0.000408
11260.660000 0.000401
11261.570000 0.000393
11262.480000 0.000386
11263.400000 0.000378
11264.310000 0.000371
11265.230000 0.000363
11266.140000 0.000356
11267.050000 0.000348
11267.970000 0.000341
11268.880000 0.000333
11269.800000 0.000326
11270.710000 0.000318
11271.620000 0.000311
11272.540000 0.000303
11273.450000 0.000296
11274.370000 0.000288
11275.280000 0.000281
11276.200000 0.000273
11277.110000 0.000266
11278.030000 0.000258
11278.940000 0.000251
11279.860000 0.000243
11280.770000 0.000236
11281.690000 0.000228
11282.600000 0.000221
11283.520000 0.000213
11284.430000 0.000206
11285.350000 0.000198
11286.260000 0.000190
11287.180000 0.000183
11288.090000 0.000175
11289.010000 0.000168
11289.930000 0.000160
11290.840000 0.000153
11291.760000 0.000145
11292.670000 0.000138
11293.590000 0.000130
11294.510000 0.000122
11295.420000 0.000115
11296.340000 0.000107
11297.250000 0.000100
11298.170000 0.000092
11299.090000 0.000085
11300.000000 0.000077
11300.920000 0.000070
11301.840000 0.000062
11302.750000 0.000054
11303.670000 0.000052
11304.590000 0.000053
11305.510000 0.000054
11306.420000 0.000055
11307.340000 0.000056
11308.260000 0.000057
11309.170000 0.000058
11310.090000 0.000059
11311.010000 0.000060
11311.930000 0.000061
11312.850000 0.000062
11313.760000 0.000063
11314.680000 0.000064
11315.600000 0.000065
11316.520000 0.000066
11317.430000 0.000066
11318.350000 0.000067
11319.270000 0.000068
11320.190000 0.000069
11321.110000 0.000070
11322.030000 0.000071
11322.940000 0.000072
11323.860000 0.000073
11324.780000 0.000074
11325.700000 0.000075
11326.620000 0.000076
11327.540000 0.000077
11328.460000 0.000078
11329.380000 0.000079
11330.290000 0.000080
11331.210000 0.000081
11332.130000 0.000082
11333.050000 0.000083
11333.970000 0.000084
11334.890000 0.000085
11335.810000 0.000086
11336.730000 0.000087
11337.650000 0.000087
11338.570000 0.000088
11339.490000 0.000089
11340.410000 0.000090
11341.330000 0.000091
11342.250000 0.000092
11343.170000 0.000093
11344.090000 0.000094
11345.010000 0.000095
11345.930000 0.000096
11346.850000 0.000097
11347.770000 0.000098
11348.690000 0.000099
11349.610000 0.000100
11350.530000 0.000101
11351.450000 0.000102
11352.370000 0.000103
11353.300000 0.000104
11354.220000 0.000107
11355.140000 0.000110
11356.060000 0.000113
11356.980000 0.000116
11357.900000 0.000118
11358.820000 0.000121
11359.740000 0.000124
11360.670000 0.000127
11361.590000 0.000130
11362.510000 0.000133
11363.430000 0.000136
11364.350000 0.000139
11365.270000 0.000141
11366.200000 0.000144
11367.120000 0.000147
11368.040000 0.000150
11368.960000 0.000153
11369.890000 0.000156
11370.810000 0.000159
11371.730000 0.000162
11372.650000 0.000164
11373.580000 0.000167
11374.500000 0.000170
11375.420000 0.000173
11376.340000 0.000176
11377.270000 0.000179
11378.190000 0.000182
11379.110000 0.000184
11380.040000 0.000187
11380.960000 0.000190
11381.880000 0.000193
11382.800000 0.000196
11383.730000 0.000199
11384.650000 0.000202
11385.580000 0.000205
11386.500000 0.000208
11387.420000 0.000211
11388.350000 0.000213
11389.270000 0.000216
11390.190000 0.000219
11391.120000 0.000222
11392.040000 0.000225
11392.970000 0.000228
11393.890000 0.000231
11394.820000 0.000234
11395.740000 0.000237
11396.660000 0.000239
11397.590000 0.000242
11398.510000 0.000245
11399.440000 0.000248
11400.360000 0.000251
11401.290000 0.000254
11402.210000 0.000257
11403.140000 0.000260
11404.060000 0.000258
11404.990000 0.000256
11405.910000 0.000254
11406.840000 0.000252
11407.760000 0.000250
11408.690000 0.000248
11409.610000 0.000246
11410.540000 0.000244
11411.470000 0.000242
11412.390000 0.000240
11413.320000 0.000239
11414.240000 0.000237
11415.170000 0.000235
11416.090000 0.000233
11417.020000 0.000231
11417.950000 0.000229
11418.870000 0.000227
11419.800000 0.000225
11420.730000 0.000223
11421.650000 0.000221
11422.580000 0.000219
11423.510000 0.000217
11424.430000 0.000216
11425.360000 0.000214
11426.290000 0.000212
11427.210000 0.000210
11428.140000 0.000208
11429.070000 0.000206
11429.990000 0.000204
11430.920000 0.000202
11431.850000 0.000200
11432.780000 0.000198
11433.700000 0.000196
11434.630000 0.000194
11435.560000 0.000193
11436.490000 0.000191
11437.410000 0.000189
11438.340000 0.000187
11439.270000 0.000185
11440.200000 0.000183
11441.130000 0.000181
11442.050000 0.000179
11442.980000 0.000177
11443.910000 0.000175
11444.840000 0.000173
11445.770000 0.000171
11446.700000 0.000170
11447.620000 0.000168
11448.550000 0.000166
11449.480000 0.000164
11450.410000 0.000162
11451.340000 0.000160
11452.270000 0.000158
11453.200000 0.000156
11454.130000 0.000157
11455.060000 0.000158
11455.990000 0.000159
11456.910000 0.000160
11457.840000 0.000161
11458.770000 0.000162
11459.700000 0.000163
11460.630000 0.000164
11461.560000 0.000165
11462.490000 0.000166
11463.420000 0.000167
11464.350000 0.000168
11465.280000 0.000169
11466.210000 0.000170
11467.140000 0.000171
11468.070000 0.000172
11469.000000 0.000173
11469.930000 0.000174
11470.860000 0.000175
11471.790000 0.000176
11472.720000 0.000177
11473.660000 0.000178
11474.590000 0.000179
11475.520000 0.000180
11476.450000 0.000181
11477.380000 0.000182
11478.310000 0.000183
11479.240000 0.000184
11480.170000 0.000185
11481.100000 0.000186
11482.040000 0.000187
11482.970000 0.000188
11483.900000 0.000189
11484.830000 0.000190
11485.760000 0.000190
11486.690000 0.000191
11487.620000 0.000192
11488.560000 0.000193
11489.490000 0.000194
11490.420000 0.000195
11491.350000 0.000196
11492.290000 0.000197
11493.220000 0.000198
11494.150000 0.000199
11495.080000 0.000200
11496.010000 0.000201
11496.950000 0.000202
11497.880000 0.000203
11498.810000 0.000204
11499.750000 0.000205
11500.680000 0.000206
11501.610000 0.000207
11502.540000 0.000208
11503.480000 0.000209
11504.410000 0.000209
11505.340000 0.000209
11506.280000 0.000209
11507.210000 0.000209
11508.140000 0.000209
11509.080000 0.000209
11510.010000 0.000209
11510.950000 0.000209
11511.880000 0.000209
11512.810000 0.000209
11513.750000 0.000209
11514.680000 0.000209
11515.620000 0.000209
11516.550000 0.000209
11517.480000 0.000209
11518.420000 0.000209
11519.350000 0.000209
11520.290000 0.000209
11521.220000 0.000209
11522.160000 0.000209
11523.090000 0.000209
11524.030000 0.000209
11524.960000 0.000209
11525.900000 0.000209
11526.830000 0.000209
11527.770000 0.000209
11528.700000 0.000209
11529.640000 0.000209
11530.570000 0.000209
11531.510000 0.000209
11532.440000 0.000209
11533.380000 0.000209
11534.310000 0.000209
11535.250000 0.000209
11536.180000 0.000209
11537.120000 0.000209
11538.060000 0.000209
11538.990000 0.000209
11539.930000 0.000209
11540.860000 0.000209
11541.800000 0.000209
11542.740000 0.000209
11543.670000 0.000209
11544.610000 0.000209
11545.550000 0.000209
11546.480000 0.000209
11547.420000 0.000209
11548.360000 0.000209
11549.290000 0.000209
11550.230000 0.000209
11551.170000 0.000209
11552.100000 0.000209
11553.040000 0.000209
11553.980000 0.000209
11554.920000 0.000208
11555.850000 0.000207
11556.790000 0.000206
11557.730000 0.000205
11558.670000 0.000204
11559.600000 0.000203
11560.540000 0.000202
11561.480000 0.000201
11562.420000 0.000200
11563.350000 0.000199
11564.290000 0.000198
11565.230000 0.000197
11566.170000 0.000196
11567.110000 0.000195
11568.050000 0.000194
11568.980000 0.000193
11569.920000 0.000192
11570.860000 0.000191
11571.800000 0.000190
11572.740000 0.000189
11573.680000 0.000188
11574.620000 0.000187
11575.560000 0.000186
11576.490000 0.000185
11577.430000 0.000184
11578.370000 0.000183
11579.310000 0.000182
11580.250000 0.000181
11581.190000 0.000180
11582.130000 0.000179
11583.070000 0.000178
11584.010000 0.000177
11584.950000 0.000176
11585.890000 0.000175
11586.830000 0.000174
11587.770000 0.000173
11588.710000 0.000172
11589.650000 0.000172
11590.590000 0.000171
11591.530000 0.000170
11592.470000 0.000169
11593.410000 0.000168
11594.350000 0.000167
11595.290000 0.000166
11596.230000 0.000165
11597.170000 0.000164
11598.110000 0.000163
11599.050000 0.000162
11600.000000 0.000161
11600.940000 0.000160
11601.880000 0.000159
11602.820000 0.000158
11603.760000 0.000157
11604.700000 0.000156
11605.640000 0.000155
11606.580000 0.000154
11607.530000 0.000153
11608.470000 0.000152
11609.410000 0.000151
11610.350000 0.000150
11611.290000 0.000149
11612.230000 0.000148
11613.180000 0.000147
11614.120000 0.000146
11615.060000 0.000145
11616.000000 0.000144
11616.950000 0.000143
11617.890000 0.000142
11618.830000 0.000141
11619.770000 0.000140
11620.710000 0.000139
11621.660000 0.000138
11622.600000 0.000137
11623.540000 0.000136
11624.490000 0.000135
11625.430000 0.000134
11626.370000 0.000133
11627.320000 0.000132
11628.260000 0.000131
11629.200000 0.000130
11630.150000 0.000129
11631.090000 0.000128
11632.030000 0.000127
11632.980000 0.000126
11633.920000 0.000125
11634.860000 0.000124
11635.810000 0.000124
11636.750000 0.000123
11637.700000 0.000122
11638.640000 0.000121
11639.580000 0.000120
11640.530000 0.000119
11641.470000 0.000118
11642.420000 0.000117
11643.360000 0.000116
11644.310000 0.000115
11645.250000 0.000114
11646.200000 0.000113
11647.140000 0.000112
11648.080000 0.000111
11649.030000 0.000110
11649.970000 0.000109
11650.920000 0.000108
11651.860000 0.000107
11652.810000 0.000106
11653.750000 0.000105
11654.700000 0.000104
11655.650000 0.000103
11656.590000 0.000102
11657.540000 0.000101
11658.480000 0.000100
11659.430000 0.000099
11660.370000 0.000098
11661.320000 0.000097
11662.270000 0.000096
11663.210000 0.000095
11664.160000 0.000094
11665.100000 0.000093
11666.050000 0.000092
11667.000000 0.000091
11667.940000 0.000090
11668.890000 0.000089
11669.840000 0.000088
11670.780000 0.000087
11671.730000 0.000086
11672.680000 0.000085
11673.620000 0.000084
11674.570000 0.000083
11675.520000 0.000082
11676.470000 0.000081
11677.410000 0.000080
11678.360000 0.000079
11679.310000 0.000078
11680.250000 0.000077
11681.200000 0.000076
11682.150000 0.000075
11683.100000 0.000074
11684.050000 0.000073
11684.990000 0.000072
11685.940000 0.000071
11686.890000 0.000070
11687.840000 0.000069
11688.790000 0.000068
11689.730000 0.000067
11690.680000 0.000066
11691.630000 0.000065
11692.580000 0.000064
11693.530000 0.000063
11694.480000 0.000062
11695.420000 0.000061
11696.370000 0.000060
11697.320000 0.000059
11698.270000 0.000058
11699.220000 0.000057
11700.170000 0.000056
11701.120000 0.000055
11702.070000 0.000054
11703.020000 0.000053
11703.970000 0.000053
11704.920000 0.000054
11705.870000 0.000054
11706.810000 0.000055
11707.760000 0.000055
11708.710000 0.000056
11709.660000 0.000056
11710.610000 0.000057
11711.560000 0.000057
11712.510000 0.000058
11713.460000 0.000058
11714.410000 0.000059
11715.370000 0.000059
11716.320000 0.000060
11717.270000 0.000060
11718.220000 0.000061
11719.170000 0.000061
11720.120000 0.000062
11721.070000 0.000062
11722.020000 0.000063
11722.970000 0.000063
11723.920000 0.000064
11724.870000 0.000064
11725.820000 0.000065
11726.770000 0.000065
11727.730000 0.000066
11728.680000 0.000066
11729.630000 0.000067
11730.580000 0.000067
11731.530000 0.000068
11732.480000 0.000068
11733.440000 0.000069
11734.390000 0.000069
11735.340000 0.000070
11736.290000 0.000070
11737.240000 0.000071
11738.200000 0.000071
11739.150000 0.000072
11740.100000 0.000072
11741.050000 0.000073
11742.000000 0.000073
11742.960000 0.000074
11743.910000 0.000075
11744.860000 0.000075
11745.820000 0.000076
11746.770000 0.000076
11747.720000 0.000077
11748.670000 0.000077
11749.630000 0.000078
11750.580000 0.000078
11751.530000 0.000079
11752.490000 0.000079
11753.440000 0.000080
11754.390000 0.000080
11755.350000 0.000081
11756.300000 0.000081
11757.250000 0.000082
11758.210000 0.000082
11759.160000 0.000083
11760.120000 0.000083
11761.070000 0.000084
11762.020000 0.000084
11762.980000 0.000085
11763.930000 0.000085
11764.890000 0.000086
11765.840000 0.000086
11766.800000 0.000087
11767.750000 0.000087
11768.710000 0.000088
11769.660000 0.000088
11770.610000 0.000089
11771.570000 0.000089
11772.520000 0.000090
11773.480000 0.000090
11774.430000 0.000091
11775.390000 0.000091
11776.340000 0.000092
11777.300000 0.000092
11778.260000 0.000093
11779.210000 0.000093
11780.170000 0.000094
11781.120000 0.000094
11782.080000 0.000095
11783.030000 0.000095
11783.990000 0.000096
11784.950000 0.000096
11785.900000 0.000097
11786.860000 0.000097
11787.810000 0.000098
11788.770000 0.000099
11789.730000 0.000099
11790.680000 0.000100
11791.640000 0.000100
11792.600000 0.000101
11793.550000 0.000101
11794.510000 0.000102
11795.470000 0.000102
11796.420000 0.000103
11797.380000 0.000103
11798.340000 0.000104
11799.290000 0.000104
11800.250000 0.000105
11801.210000 0.000105
11802.170000 0.000106
11803.120000 0.000106
11804.080000 0.000106
11805.040000 0.000106
11806.000000 0.000106
11806.950000 0.000106
11807.910000 0.000106
11808.870000 0.000106
11809.830000 0.000106
11810.790000 0.000106
11811.740000 0.000106
11812.700000 0.000106
11813.660000 0.000106
11814.620000 0.000106
11815.580000 0.000106
11816.540000 0.000106
11817.490000 0.000106
11818.450000 0.000106
11819.410000 0.000106
11820.370000 0.000106
11821.330000 0.000106
11822.290000 0.000106
11823.250000 0.000106
11824.210000 0.000106
11825.170000 0.000106
11826.120000 0.000106
11827.080000 0.000106
11828.040000 0.000106
11829.000000 0.000106
11829.960000 0.000106
11830.920000 0.000106
11831.880000 0.000106
11832.840000 0.000106
11833.800000 0.000106
11834.760000 0.000106
11835.720000 0.000106
11836.680000 0.000106
11837.640000 0.000106
11838.600000 0.000106
11839.560000 0.000106
11840.520000 0.000106
11841.480000 0.000106
11842.440000 0.000106
11843.410000 0.000106
11844.370000 0.000106
11845.330000 0.000106
11846.290000 0.000106
11847.250000 0.000106
11848.210000 0.000107
11849.170000 0.000107
11850.130000 0.000107
11851.090000 0.000107
11852.050000 0.000107
11853.020000 0.000107
11853.980000 0.000108
11854.940000 0.000110
11855.900000 0.000112
11856.860000 0.000114
11857.830000 0.000116
11858.790000 0.000118
11859.750000 0.000121
11860.710000 0.000123
11861.670000 0.000125
11862.640000 0.000127
11863.600000 0.000129
11864.560000 0.000131
11865.520000 0.000133
11866.490000 0.000135
11867.450000 0.000137
11868.410000 0.000139
11869.370000 0.000141
11870.340000 0.000143
11871.300000 0.000145
11872.260000 0.000147
11873.230000 0.000149
11874.190000 0.000151
11875.150000 0.000153
11876.120000 0.000155
11877.080000 0.000158
11878.040000 0.000160
11879.010000 0.000162
11879.970000 0.000164
11880.930000 0.000166
11881.900000 0.000168
11882.860000 0.000170
11883.820000 0.000172
11884.790000 0.000174
11885.750000 0.000176
11886.720000 0.000178
11887.680000 0.000180
11888.650000 0.000182
11889.610000 0.000184
11890.570000 0.000186
11891.540000 0.000189
11892.500000 0.000191
11893.470000 0.000193
11894.430000 0.000195
11895.400000 0.000197
11896.360000 0.000199
11897.330000 0.000201
11898.290000 0.000203
11899.260000 0.000205
11900.220000 0.000207
11901.190000 0.000209
11902.160000 0.000211
11903.120000 0.000213
11904.090000 0.000214
11905.050000 0.000214
11906.020000 0.000214
11906.980000 0.000214
11907.950000 0.000214
11908.920000 0.000214
11909.880000 0.000214
11910.850000 0.000214
11911.810000 0.000214
11912.780000 0.000214
11913.750000 0.000214
11914.710000 0.000214
11915.680000 0.000214
11916.650000 0.000214
11917.610000 0.000214
11918.580000 0.000214
11919.550000 0.000214
11920.510000 0.000214
11921.480000 0.000214
11922.450000 0.000214
11923.420000 0.000214
11924.380000 0.000214
11925.350000 0.000214
11926.320000 0.000214
11927.280000 0.000214
11928.250000 0.000214
11929.220000 0.000214
11930.190000 0.000214
11931.160000 0.000214
11932.120000 0.000214
11933.090000 0.000214
11934.060000 0.000214
11935.030000 0.000214
11936.000000 0.000214
11936.960000 0.000214
11937.930000 0.000214
11938.900000 0.000214
11939.870000 0.000214
11940.840000 0.000214
11941.810000 0.000214
11942.770000 0.000214
11943.740000 0.000214
11944.710000 0.000214
11945.680000 0.000214
11946.650000 0.000214
11947.620000 0.000214
11948.590000 0.000214
11949.560000 0.000214
11950.530000 0.000214
11951.500000 0.000214
11952.470000 0.000214
11953.440000 0.000214
11954.410000 0.000213
11955.380000 0.000212
11956.350000 0.000211
11957.320000 0.000210
11958.290000 0.000209
11959.260000 0.000208
11960.230000 0.000207
11961.200000 0.000206
11962.170000 0.000205
11963.140000 0.000204
11964.110000 0.000203
11965.080000 0.000202
11966.050000 0.000200
11967.020000 0.000199
11967.990000 0.000198
11968.960000 0.000197
11969.930000 0.000196
11970.900000 0.000195
11971.870000 0.000194
11972.840000 0.000193
11973.820000 0.000192
11974.790000 0.000191
11975.760000 0.000190
11976.730000 0.000189
11977.700000 0.000188
11978.670000 0.000187
11979.650000 0.000186
11980.620000 0.000185
11981.590000 0.000184
11982.560000 0.000183
11983.530000 0.000182
11984.510000 0.000181
11985.480000 0.000180
11986.450000 0.000179
11987.420000 0.000178
11988.390000 0.000177
11989.370000 0.000176
11990.340000 0.000175
11991.310000 0.000174
11992.290000 0.000173
11993.260000 0.000172
11994.230000 0.000171
11995.200000 0.000170
11996.180000 0.000169
11997.150000 0.000167
11998.120000 0.000166
11999.100000 0.000165
12000.070000 0.000164
12001.040000 0.000163
12002.020000 0.000162
12002.990000 0.000161
12003.960000 0.000162
12004.940000 0.000165
12005.910000 0.000167
12006.890000 0.000169
12007.860000 0.000171
12008.830000 0.000173
12009.810000 0.000175
12010.780000 0.000177
12011.760000 0.000179
12012.730000 0.000181
12013.710000 0.000183
12014.680000 0.000185
12015.660000 0.000188
12016.630000 0.000190
12017.600000 0.000192
12018.580000 0.000194
12019.550000 0.000196
12020.530000 0.000198
12021.500000 0.000200
12022.480000 0.000202
12023.460000 0.000204
12024.430000 0.000207
12025.410000 0.000209
12026.380000 0.000211
12027.360000 0.000213
12028.330000 0.000215
12029.310000 0.000217
12030.290000 0.000219
12031.260000 0.000221
12032.240000 0.000223
12033.210000 0.000226
12034.190000 0.000228
12035.170000 0.000230
12036.140000 0.000232
12037.120000 0.000234
12038.090000 0.000236
12039.070000 0.000238
12040.050000 0.000240
12041.020000 0.000242
12042.000000 0.000245
12042.980000 0.000247
12043.960000 0.000249
12044.930000 0.000251
12045.910000 0.000253
12046.890000 0.000255
12047.860000 0.000257
12048.840000 0.000259
12049.820000 0.000261
12050.800000 0.000264
12051.770000 0.000266
12052.750000 0.000268
12053.730000 0.000269
12054.710000 0.000269
12055.680000 0.000270
12056.660000 0.000270
12057.640000 0.000271
12058.620000 0.000271
12059.600000 0.000271
12060.580000 0.000272
12061.550000 0.000272
12062.530000 0.000272
12063.510000 0.000273
12064.490000 0.000273
12065.470000 0.000274
12066.450000 0.000274
12067.430000 0.000274
12068.400000 0.000275
12069.380000 0.000275
12070.360000 0.000275
12071.340000 0.000276
12072.320000 0.000276
12073.300000 0.000277
12074.280000 0.000277
12075.260000 0.000277
12076.240000 0.000278
12077.220000 0.000278
12078.200000 0.000278
12079.180000 0.000279
12080.160000 0.000279
12081.140000 0.000279
12082.120000 0.000280
12083.100000 0.000280
12084.080000 0.000281
12085.060000 0.000281
12086.040000 0.000281
12087.020000 0.000282
12088.000000 0.000282
12088.980000 0.000282
12089.960000 0.000283
12090.940000 0.000283
12091.920000 0.000283
12092.900000 0.000284
12093.880000 0.000284
12094.870000 0.000285
12095.850000 0.000285
12096.830000 0.000285
12097.810000 0.000286
12098.790000 0.000286
12099.770000 0.000286
12100.750000 0.000287
12101.740000 0.000287
12102.720000 0.000288
12103.700000 0.000288
12104.680000 0.000288
12105.660000 0.000289
12106.650000 0.000289
12107.630000 0.000289
12108.610000 0.000290
12109.590000 0.000290
12110.570000 0.000291
12111.560000 0.000291
12112.540000 0.000291
12113.520000 0.000292
12114.500000 0.000292
12115.490000 0.000292
12116.470000 0.000293
12117.450000 0.000293
12118.440000 0.000294
12119.420000 0.000294
12120.400000 0.000294
12121.390000 0.000295
12122.370000 0.000295
12123.350000 0.000295
12124.340000 0.000296
12125.320000 0.000296
12126.300000 0.000296
12127.290000 0.000297
12128.270000 0.000297
12129.250000 0.000298
12130.240000 0.000298
12131.220000 0.000298
12132.210000 0.000299
12133.190000 0.000299
12134.170000 0.000299
12135.160000 0.000300
12136.140000 0.000300
12137.130000 0.000301
12138.110000 0.000301
12139.100000 0.000301
12140.080000 0.000302
12141.070000 0.000302
12142.050000 0.000302
12143.040000 0.000303
12144.020000 0.000303
12145.010000 0.000304
12145.990000 0.000304
12146.980000 0.000304
12147.960000 0.000305
12148.950000 0.000305
12149.930000 0.000306
12150.920000 0.000306
12151.910000 0.000306
12152.890000 0.000307
12153.880000 0.000307
12154.860000 0.000307
12155.850000 0.000308
12156.830000 0.000308
12157.820000 0.000309
12158.810000 0.000309
12159.790000 0.000309
12160.780000 0.000310
12161.770000 0.000310
12162.750000 0.000310
12163.740000 0.000311
12164.730000 0.000311
12165.710000 0.000311
12166.700000 0.000312
12167.690000 0.000312
12168.670000 0.000313
12169.660000 0.000313
12170.650000 0.000313
12171.640000 0.000314
12172.620000 0.000314
12173.610000 0.000314
12174.600000 0.000315
12175.590000 0.000315
12176.570000 0.000316
12177.560000 0.000316
12178.550000 0.000316
12179.540000 0.000317
12180.530000 0.000317
12181.510000 0.000317
12182.500000 0.000318
12183.490000 0.000318
12184.480000 0.000319
12185.470000 0.000319
12186.460000 0.000319
12187.440000 0.000320
12188.430000 0.000320
12189.420000 0.000321
12190.410000 0.000321
12191.400000 0.000321
12192.390000 0.000322
12193.380000 0.000322
12194.370000 0.000322
12195.360000 0.000323
12196.350000 0.000323
12197.330000 0.000324
12198.320000 0.000324
12199.310000 0.000324
12200.300000 0.000325
12201.290000 0.000325
12202.280000 0.000325
12203.270000 0.000326
12204.260000 0.000324
12205.250000 0.000322
12206.240000 0.000320
12207.230000 0.000317
12208.220000 0.000315
12209.210000 0.000313
12210.200000 0.000311
12211.190000 0.000309
12212.190000 0.000307
12213.180000 0.000305
12214.170000 0.000302
12215.160000 0.000300
12216.150000 0.000298
12217.140000 0.000296
12218.130000 0.000294
12219.120000 0.000292
12220.110000 0.000290
12221.100000 0.000288
12222.100000 0.000285
12223.090000 0.000283
12224.080000 0.000281
12225.070000 0.000279
12226.060000 0.000277
12227.050000 0.000275
12228.050000 0.000273
12229.040000 0.000270
12230.030000 0.000268
12231.020000 0.000266
12232.010000 0.000264
12233.010000 0.000262
12234.000000 0.000260
12234.990000 0.000258
12235.980000 0.000255
12236.980000 0.000253
12237.970000 0.000251
12238.960000 0.000249
12239.960000 0.000247
12240.950000 0.000245
12241.940000 0.000242
12242.930000 0.000240
12243.930000 0.000238
12244.920000 0.000236
12245.910000 0.000234
12246.910000 0.000232
12247.900000 0.000230
12248.890000 0.000227
12249.890000 0.000225
12250.880000 0.000223
12251.880000 0.000221
12252.870000 0.000219
12253.860000 0.000217
12254.860000 0.000216
12255.850000 0.000215
12256.850000 0.000214
12257.840000 0.000213
12258.830000 0.000212
12259.830000 0.000211
12260.820000 0.000210
12261.820000 0.000209
12262.810000 0.000208
12263.810000 0.000207
12264.800000 0.000206
12265.800000 0.000204
12266.790000 0.000203
12267.790000 0.000202
12268.780000 0.000201
12269.780000 0.000200
12270.770000 0.000199
12271.770000 0.000198
12272.760000 0.000197
12273.760000 0.000196
12274.760000 0.000195
12275.750000 0.000194
12276.750000 0.000193
12277.740000 0.000191
12278.740000 0.000190
12279.740000 0.000189
12280.730000 0.000188
12281.730000 0.000187
12282.720000 0.000186
12283.720000 0.000185
12284.720000 0.000184
12285.710000 0.000183
12286.710000 0.000182
12287.710000 0.000181
12288.700000 0.000180
12289.700000 0.000179
12290.700000 0.000177
12291.690000 0.000176
12292.690000 0.000175
12293.690000 0.000174
12294.690000 0.000173
12295.680000 0.000172
12296.680000 0.000171
12297.680000 0.000170
12298.680000 0.000169
12299.670000 0.000168
12300.670000 0.000167
12301.670000 0.000166
12302.670000 0.000165
12303.670000 0.000163
12304.660000 0.000162
12305.660000 0.000161
12306.660000 0.000160
12307.660000 0.000159
12308.660000 0.000158
12309.660000 0.000157
12310.650000 0.000156
12311.650000 0.000155
12312.650000 0.000154
12313.650000 0.000153
12314.650000 0.000152
12315.650000 0.000150
12316.650000 0.000149
12317.650000 0.000148
12318.650000 0.000147
12319.640000 0.000146
12320.640000 0.000145
12321.640000 0.000144
12322.640000 0.000143
12323.640000 0.000142
12324.640000 0.000141
12325.640000 0.000140
12326.640000 0.000138
12327.640000 0.000137
12328.640000 0.000136
12329.640000 0.000135
12330.640000 0.000134
12331.640000 0.000133
12332.640000 0.000132
12333.640000 0.000131
12334.640000 0.000130
12335.640000 0.000129
12336.650000 0.000128
12337.650000 0.000127
12338.650000 0.000126
12339.650000 0.000124
12340.650000 0.000123
12341.650000 0.000122
12342.650000 0.000121
12343.650000 0.000120
12344.650000 0.000119
12345.660000 0.000118
12346.660000 0.000117
12347.660000 0.000116
12348.660000 0.000115
12349.660000 0.000114
12350.660000 0.000112
12351.670000 0.000111
12352.670000 0.000110
12353.670000 0.000109
12354.670000 0.000108
12355.670000 0.000107
12356.680000 0.000106
12357.680000 0.000105
12358.680000 0.000104
12359.680000 0.000103
12360.690000 0.000101
12361.690000 0.000100
12362.690000 0.000099
12363.700000 0.000098
12364.700000 0.000097
12365.700000 0.000096
12366.700000 0.000095
12367.710000 0.000094
12368.710000 0.000093
12369.710000 0.000092
12370.720000 0.000091
12371.720000 0.000089
12372.720000 0.000088
12373.730000 0.000087
12374.730000 0.000086
12375.740000 0.000085
12376.740000 0.000084
12377.740000 0.000083
12378.750000 0.000082
12379.750000 0.000081
12380.760000 0.000080
12381.760000 0.000079
12382.770000 0.000077
12383.770000 0.000076
12384.770000 0.000075
12385.780000 0.000074
12386.780000 0.000073
12387.790000 0.000072
12388.790000 0.000071
12389.800000 0.000070
12390.800000 0.000069
12391.810000 0.000068
12392.810000 0.000066
12393.820000 0.000065
12394.830000 0.000064
12395.830000 0.000063
12396.840000 0.000062
12397.840000 0.000061
12398.850000 0.000060
12399.850000 0.000059
12400.860000 0.000058
12401.870000 0.000057
12402.870000 0.000055
12403.880000 0.000055
12404.880000 0.000055
12405.890000 0.000055
12406.900000 0.000055
12407.900000 0.000055
12408.910000 0.000055
12409.920000 0.000055
12410.920000 0.000055
12411.930000 0.000055
12412.940000 0.000055
12413.940000 0.000055
12414.950000 0.000055
12415.960000 0.000055
12416.960000 0.000055
12417.970000 0.000055
12418.980000 0.000055
12419.990000 0.000055
12421.000000 0.000055
12422.000000 0.000055
12423.010000 0.000055
12424.020000 0.000055
12425.030000 0.000055
12426.030000 0.000055
12427.040000 0.000055
12428.050000 0.000055
12429.060000 0.000055
12430.070000 0.000055
12431.080000 0.000055
12432.080000 0.000055
12433.090000 0.000055
12434.100000 0.000055
12435.110000 0.000055
12436.120000 0.000055
12437.130000 0.000055
12438.140000 0.000055
12439.140000 0.000055
12440.150000 0.000055
12441.160000 0.000055
12442.170000 0.000055
12443.180000 0.000055
12444.190000 0.000055
12445.200000 0.000055
12446.210000 0.000055
12447.220000 0.000055
12448.230000 0.000055
12449.240000 0.000055
12450.250000 0.000055
12451.260000 0.000055
12452.270000 0.000055
12453.280000 0.000055
12454.290000 0.000058
12455.300000 0.000061
12456.310000 0.000065
12457.320000 0.000068
12458.330000 0.000071
12459.340000 0.000075
12460.350000 0.000078
12461.360000 0.000081
12462.370000 0.000085
12463.390000 0.000088
12464.400000 0.000091
12465.410000 0.000095
12466.420000 0.000098
12467.430000 0.000101
12468.440000 0.000105
12469.450000 0.000108
12470.460000 0.000111
12471.480000 0.000115
12472.490000 0.000118
12473.500000 0.000121
12474.510000 0.000125
12475.520000 0.000128
12476.540000 0.000132
12477.550000 0.000135
12478.560000 0.000138
12479.570000 0.000142
12480.580000 0.000145
12481.600000 0.000148
12482.610000 0.000152
12483.620000 0.000155
12484.630000 0.000158
12485.650000 0.000162
12486.660000 0.000165
12487.670000 0.000168
12488.690000 0.000172
12489.700000 0.000175
12490.710000 0.000178
12491.730000 0.000182
12492.740000 0.000185
12493.750000 0.000189
12494.770000 0.000192
12495.780000 0.000195
12496.790000 0.000199
12497.810000 0.000202
12498.820000 0.000206
12499.830000 0.000209
12500.850000 0.000212
12501.860000 0.000216
12502.880000 0.000219
12503.890000 0.000220
12504.910000 0.000219
12505.920000 0.000218
12506.940000 0.000217
12507.950000 0.000216
12508.960000 0.000215
12509.980000 0.000214
12510.990000 0.000212
12512.010000 0.000211
12513.020000 0.000210
12514.040000 0.000209
12515.050000 0.000208
12516.070000 0.000207
12517.080000 0.000206
12518.100000 0.000205
12519.120000 0.000204
12520.130000 0.000202
12521.150000 0.000201
12522.160000 0.000200
12523.180000 0.000199
12524.190000 0.000198
12525.210000 0.000197
12526.230000 0.000196
12527.240000 0.000195
12528.260000 0.000193
12529.280000 0.000192
12530.290000 0.000191
12531.310000 0.000190
12532.330000 0.000189
12533.340000 0.000188
12534.360000 0.000187
12535.370000 0.000186
12536.390000 0.000185
12537.410000 0.000184
12538.430000 0.000182
12539.440000 0.000181
12540.460000 0.000180
12541.480000 0.000179
12542.500000 0.000178
12543.510000 0.000177
12544.530000 0.000176
12545.550000 0.000175
12546.570000 0.000173
12547.580000 0.000172
12548.600000 0.000171
12549.620000 0.000170
12550.640000 0.000169
12551.660000 0.000168
12552.670000 0.000167
12553.690000 0.000167
12554.710000 0.000170
12555.730000 0.000174
12556.750000 0.000177
12557.770000 0.000180
12558.780000 0.000184
12559.800000 0.000187
12560.820000 0.000190
12561.840000 0.000194
12562.860000 0.000197
12563.880000 0.000201
12564.900000 0.000204
12565.920000 0.000207
12566.940000 0.000211
12567.960000 0.000214
12568.980000 0.000218
12570.000000 0.000221
12571.020000 0.000224
12572.040000 0.000228
12573.060000 0.000231
12574.080000 0.000235
12575.100000 0.000238
12576.120000 0.000241
12577.140000 0.000245
12578.160000 0.000248
12579.180000 0.000252
12580.200000 0.000255
12581.220000 0.000258
12582.240000 0.000262
12583.260000 0.000265
12584.280000 0.000269
12585.300000 0.000272
12586.320000 0.000275
12587.340000 0.000279
12588.360000 0.000282
12589.380000 0.000286
12590.410000 0.000289
12591.430000 0.000292
12592.450000 0.000296
12593.470000 0.000299
12594.490000 0.000303
12595.510000 0.000306
12596.540000 0.000309
12597.560000 0.000313
12598.580000 0.000316
12599.600000 0.000320
12600.620000 0.000323
12601.650000 0.000326
12602.670000 0.000330
12603.690000 0.000331
12604.710000 0.000326
12605.740000 0.000320
12606.760000 0.000314
12607.780000 0.000309
12608.800000 0.000303
12609.830000 0.000297
12610.850000 0.000292
12611.870000 0.000286
12612.900000 0.000280
12613.920000 0.000275
12614.940000 0.000269
12615.960000 0.000263
12616.990000 0.000258
12618.010000 0.000252
12619.040000 0.000246
12620.060000 0.000241
12621.080000 0.000235
12622.110000 0.000229
12623.130000 0.000224
12624.150000 0.000218
12625.180000 0.000212
12626.200000 0.000207
12627.230000 0.000201
12628.250000 0.000195
12629.280000 0.000190
12630.300000 0.000184
12631.330000 0.000178
12632.350000 0.000173
12633.370000 0.000167
12634.400000 0.000161
12635.420000 0.000155
12636.450000 0.000150
12637.470000 0.000144
12638.500000 0.000138
12639.530000 0.000133
12640.550000 0.000127
12641.580000 0.000121
12642.600000 0.000116
12643.630000 0.000110
12644.650000 0.000104
12645.680000 0.000099
12646.700000 0.000093
12647.730000 0.000087
12648.760000 0.000082
12649.780000 0.000076
12650.810000 0.000070
12651.830000 0.000065
12652.860000 0.000059
12653.890000 0.000056
12654.910000 0.000057
12655.940000 0.000058
12656.970000 0.000059
12657.990000 0.000061
12659.020000 0.000062
12660.050000 0.000063
12661.080000 0.000064
12662.100000 0.000065
12663.130000 0.000066
12664.160000 0.000067
12665.180000 0.000069
12666.210000 0.000070
12667.240000 0.000071
12668.270000 0.000072
12669.290000 0.000073
12670.320000 0.000074
12671.350000 0.000075
12672.380000 0.000077
12673.410000 0.000078
12674.430000 0.000079
12675.460000 0.000080
12676.490000 0.000081
12677.520000 0.000082
12678.550000 0.000083
12679.580000 0.000085
12680.600000 0.000086
12681.630000 0.000087
12682.660000 0.000088
12683.690000 0.000089
12684.720000 0.000090
12685.750000 0.000091
12686.780000 0.000093
12687.810000 0.000094
12688.840000 0.000095
12689.870000 0.000096
12690.890000 0.000097
12691.920000 0.000098
12692.950000 0.000100
12693.980000 0.000101
12695.010000 0.000102
12696.040000 0.000103
12697.070000 0.000104
12698.100000 0.000105
12699.130000 0.000106
12700.160000 0.000108
12701.190000 0.000109
12702.220000 0.000110
12703.250000 0.000111
12704.290000 0.000112
12705.320000 0.000113
12706.350000 0.000114
12707.380000 0.000116
12708.410000 0.000117
12709.440000 0.000118
12710.470000 0.000119
12711.500000 0.000120
12712.530000 0.000121
12713.560000 0.000122
12714.590000 0.000124
12715.630000 0.000125
12716.660000 0.000126
12717.690000 0.000127
12718.720000 0.000128
12719.750000 0.000129
12720.780000 0.000131
12721.820000 0.000132
12722.850000 0.000133
12723.880000 0.000134
12724.910000 0.000135
12725.950000 0.000136
12726.980000 0.000138
12728.010000 0.000139
12729.040000 0.000140
12730.080000 0.000141
12731.110000 0.000142
12732.140000 0.000143
12733.170000 0.000144
12734.210000 0.000146
12735.240000 0.000147
12736.270000 0.000148
12737.310000 0.000149
12738.340000 0.000150
12739.370000 0.000151
12740.410000 0.000153
12741.440000 0.000154
12742.470000 0.000155
12743.510000 0.000156
12744.540000 0.000157
12745.570000 0.000158
12746.610000 0.000159
12747.640000 0.000161
12748.680000 0.000162
12749.710000 0.000163
12750.750000 0.000164
12751.780000 0.000165
12752.810000 0.000166
12753.850000 0.000168
12754.880000 0.000169
12755.920000 0.000170
12756.950000 0.000171
12757.990000 0.000172
12759.020000 0.000173
12760.060000 0.000174
12761.090000 0.000176
12762.130000 0.000177
12763.160000 0.000178
12764.200000 0.000179
12765.230000 0.000180
12766.270000 0.000181
12767.300000 0.000183
12768.340000 0.000184
12769.380000 0.000185
12770.410000 0.000186
12771.450000 0.000187
12772.480000 0.000188
12773.520000 0.000190
12774.560000 0.000191
12775.590000 0.000192
12776.630000 0.000193
12777.670000 0.000194
12778.700000 0.000195
12779.740000 0.000197
12780.780000 0.000198
12781.810000 0.000199
12782.850000 0.000200
12783.890000 0.000201
12784.920000 0.000202
12785.960000 0.000204
12787.000000 0.000205
12788.040000 0.000206
12789.070000 0.000207
12790.110000 0.000208
12791.150000 0.000209
12792.190000 0.000211
12793.220000 0.000212
12794.260000 0.000213
12795.300000 0.000214
12796.340000 0.000215
12797.370000 0.000216
12798.410000 0.000218
12799.450000 0.000219
12800.490000 0.000220
12801.530000 0.000221
12802.570000 0.000222
12803.600000 0.000223
12804.640000 0.000222
12805.680000 0.000221
12806.720000 0.000220
12807.760000 0.000218
12808.800000 0.000217
12809.840000 0.000216
12810.880000 0.000215
12811.920000 0.000214
12812.960000 0.000213
12814.000000 0.000212
12815.040000 0.000210
12816.070000 0.000209
12817.110000 0.000208
12818.150000 0.000207
12819.190000 0.000206
12820.230000 0.000205
12821.270000 0.000204
12822.310000 0.000202
12823.350000 0.000201
12824.390000 0.000200
12825.430000 0.000199
12826.470000 0.000198
12827.520000 0.000197
12828.560000 0.000195
12829.600000 0.000194
12830.640000 0.000193
12831.680000 0.000192
12832.720000 0.000191
12833.760000 0.000190
12834.800000 0.000188
12835.840000 0.000187
12836.880000 0.000186
12837.920000 0.000185
12838.970000 0.000184
12840.010000 0.000183
12841.050000 0.000181
12842.090000 0.000180
12843.130000 0.000179
12844.170000 0.000178
12845.220000 0.000177
12846.260000 0.000176
12847.300000 0.000174
12848.340000 0.000173
12849.390000 0.000172
12850.430000 0.000171
12851.470000 0.000170
12852.510000 0.000169
12853.560000 0.000168
12854.600000 0.000168
12855.640000 0.000168
12856.680000 0.000168
12857.730000 0.000168
12858.770000 0.000168
12859.810000 0.000168
12860.860000 0.000168
12861.900000 0.000168
12862.940000 0.000168
12863.990000 0.000168
12865.030000 0.000168
12866.070000 0.000168
12867.120000 0.000168
12868.160000 0.000168
12869.210000 0.000168
12870.250000 0.000168
12871.290000 0.000168
12872.340000 0.000168
12873.380000 0.000168
12874.430000 0.000168
12875.470000 0.000168
12876.510000 0.000168
12877.560000 0.000168
12878.600000 0.000168
12879.650000 0.000168
12880.690000 0.000168
12881.740000 0.000168
12882.780000 0.000168
12883.830000 0.000168
12884.870000 0.000168
12885.920000 0.000168
12886.960000 0.000168
12888.010000 0.000168
12889.060000 0.000168
12890.100000 0.000168
12891.150000 0.000168
12892.190000 0.000168
12893.240000 0.000168
12894.280000 0.000168
12895.330000 0.000168
12896.380000 0.000168
12897.420000 0.000168
12898.470000 0.000168
12899.520000 0.000168
12900.560000 0.000168
12901.610000 0.000168
12902.650000 0.000168
12903.700000 0.000168
12904.750000 0.000170
12905.790000 0.000173
12906.840000 0.000175
12907.890000 0.000177
12908.940000 0.000180
12909.980000 0.000182
12911.030000 0.000185
12912.080000 0.000187
12913.130000 0.000189
12914.170000 0.000192
12915.220000 0.000194
12916.270000 0.000196
12917.320000 0.000199
12918.360000 0.000201
12919.410000 0.000203
12920.460000 0.000206
12921.510000 0.000208
12922.560000 0.000210
12923.600000 0.000213
12924.650000 0.000215
12925.700000 0.000217
12926.750000 0.000220
12927.800000 0.000222
12928.850000 0.000224
12929.900000 0.000227
12930.950000 0.000229
12931.990000 0.000231
12933.040000 0.000234
12934.090000 0.000236
12935.140000 0.000239
12936.190000 0.000241
12937.240000 0.000243
12938.290000 0.000246
12939.340000 0.000248
12940.390000 0.000250
12941.440000 0.000253
12942.490000 0.000255
12943.540000 0.000257
12944.590000 0.000260
12945.640000 0.000262
12946.690000 0.000264
12947.740000 0.000267
12948.790000 0.000269
12949.840000 0.000272
12950.890000 0.000274
12951.940000 0.000276
12952.990000 0.000279
12954.040000 0.000281
12955.090000 0.000283
12956.140000 0.000286
12957.200000 0.000288
12958.250000 0.000290
12959.300000 0.000293
12960.350000 0.000295
12961.400000 0.000297
12962.450000 0.000300
12963.500000 0.000302
12964.560000 0.000304
12965.610000 0.000307
12966.660000 0.000309
12967.710000 0.000311
12968.760000 0.000314
12969.810000 0.000316
12970.870000 0.000319
12971.920000 0.000321
12972.970000 0.000323
12974.020000 0.000326
12975.080000 0.000328
12976.130000 0.000330
12977.180000 0.000333
12978.230000 0.000335
12979.290000 0.000337
12980.340000 0.000340
12981.390000 0.000342
12982.450000 0.000344
12983.500000 0.000347
12984.550000 0.000349
12985.610000 0.000352
12986.660000 0.000354
12987.710000 0.000356
12988.770000 0.000359
12989.820000 0.000361
12990.870000 0.000364
12991.930000 0.000366
12992.980000 0.000368
12994.040000 0.000371
12995.090000 0.000373
12996.140000 0.000375
12997.200000 0.000378
12998.250000 0.000380
12999.310000 0.000382
13000.360000 0.000385
13001.420000 0.000387
13002.470000 0.000389
13003.530000 0.000392
13004.580000 0.000388
13005.640000 0.000385
13006.690000 0.000381
13007.750000 0.000378
13008.800000 0.000374
13009.860000 0.000371
13010.910000 0.000367
13011.970000 0.000364
13013.020000 0.000360
13014.080000 0.000357
13015.130000 0.000353
13016.190000 0.000350
13017.250000 0.000346
13018.300000 0.000343
13019.360000 0.000339
13020.410000 0.000335
13021.470000 0.000332
13022.530000 0.000328
13023.580000 0.000325
13024.640000 0.000321
13025.700000 0.000318
13026.750000 0.000314
13027.810000 0.000311
13028.870000 0.000307
13029.920000 0.000304
13030.980000 0.000300
13032.040000 0.000297
13033.090000 0.000293
13034.150000 0.000290
13035.210000 0.000286
13036.270000 0.000283
13037.320000 0.000279
13038.380000 0.000275
13039.440000 0.000272
13040.500000 0.000268
13041.560000 0.000265
13042.610000 0.000261
13043.670000 0.000258
13044.730000 0.000254
13045.790000 0.000251
13046.850000 0.000247
13047.900000 0.000244
13048.960000 0.000240
13050.020000 0.000236
13051.080000 0.000233
13052.140000 0.000229
13053.200000 0.000226
13054.260000 0.000222
13055.320000 0.000219
13056.380000 0.000215
13057.430000 0.000212
13058.490000 0.000208
13059.550000 0.000204
13060.610000 0.000201
13061.670000 0.000197
13062.730000 0.000194
13063.790000 0.000190
13064.850000 0.000187
13065.910000 0.000183
13066.970000 0.000179
13068.030000 0.000176
13069.090000 0.000172
13070.150000 0.000169
13071.210000 0.000165
13072.270000 0.000162
13073.330000 0.000158
13074.390000 0.000155
13075.450000 0.000151
13076.510000 0.000147
13077.570000 0.000144
13078.630000 0.000140
13079.700000 0.000137
13080.760000 0.000133
13081.820000 0.000130
13082.880000 0.000126
13083.940000 0.000122
13085.000000 0.000119
13086.060000 0.000115
13087.120000 0.000112
13088.190000 0.000108
13089.250000 0.000105
13090.310000 0.000101
13091.370000 0.000097
13092.430000 0.000094
13093.500000 0.000090
13094.560000 0.000087
13095.620000 0.000083
13096.680000 0.000080
13097.750000 0.000076
13098.810000 0.000072
13099.870000 0.000069
13100.930000 0.000065
13102.000000 0.000062
13103.060000 0.000058
13104.120000 0.000057
13105.190000 0.000059
13106.250000 0.000061
13107.310000 0.000063
13108.380000 0.000064
13109.440000 0.000066
13110.500000 0.000068
13111.570000 0.000070
13112.630000 0.000072
13113.690000 0.000073
13114.760000 0.000075
13115.820000 0.000077
13116.880000 0.000079
13117.950000 0.000081
13119.010000 0.000082
13120.080000 0.000084
13121.140000 0.000086
13122.210000 0.000088
13123.270000 0.000090
13124.330000 0.000091
13125.400000 0.000093
13126.460000 0.000095
13127.530000 0.000097
13128.590000 0.000099
13129.660000 0.000100
13130.720000 0.000102
13131.790000 0.000104
13132.850000 0.000106
13133.920000 0.000108
13134.990000 0.000109
13136.050000 0.000111
13137.120000 0.000113
13138.180000 0.000115
13139.250000 0.000117
13140.310000 0.000119
13141.380000 0.000120
13142.450000 0.000122
13143.510000 0.000124
13144.580000 0.000126
13145.640000 0.000128
13146.710000 0.000129
13147.780000 0.000131
13148.840000 0.000133
13149.910000 0.000135
13150.980000 0.000137
13152.040000 0.000138
13153.110000 0.000140
13154.180000 0.000142
13155.250000 0.000144
13156.310000 0.000146
13157.380000 0.000147
13158.450000 0.000149
13159.510000 0.000151
13160.580000 0.000153
13161.650000 0.000155
13162.720000 0.000157
13163.790000 0.000158
13164.850000 0.000160
13165.920000 0.000162
13166.990000 0.000164
13168.060000 0.000166
13169.130000 0.000168
13170.190000 0.000169
13171.260000 0.000171
13172.330000 0.000173
13173.400000 0.000175
13174.470000 0.000177
13175.540000 0.000178
13176.610000 0.000180
13177.670000 0.000182
13178.740000 0.000184
13179.810000 0.000186
13180.880000 0.000188
13181.950000 0.000189
13183.020000 0.000191
13184.090000 0.000193
13185.160000 0.000195
13186.230000 0.000197
13187.300000 0.000198
13188.370000 0.000200
13189.440000 0.000202
13190.510000 0.000204
13191.580000 0.000206
13192.650000 0.000208
13193.720000 0.000209
13194.790000 0.000211
13195.860000 0.000213
13196.930000 0.000215
13198.000000 0.000217
13199.070000 0.000218
13200.140000 0.000220
13201.210000 0.000222
13202.280000 0.000224
13203.350000 0.000226
13204.430000 0.000225
13205.500000 0.000224
13206.570000 0.000223
13207.640000 0.000222
13208.710000 0.000220
13209.780000 0.000219
13210.850000 0.000218
13211.930000 0.000217
13213.000000 0.000216
13214.070000 0.000214
13215.140000 0.000213
13216.210000 0.000212
13217.290000 0.000211
13218.360000 0.000210
13219.430000 0.000208
13220.500000 0.000207
13221.580000 0.000206
13222.650000 0.000205
13223.720000 0.000204
13224.790000 0.000202
13225.870000 0.000201
13226.940000 0.000200
13228.010000 0.000199
13229.080000 0.000198
13230.160000 0.000196
13231.230000 0.000195
13232.300000 0.000194
13233.380000 0.000193
13234.450000 0.000192
13235.530000 0.000190
13236.600000 0.000189
13237.670000 0.000188
13238.750000 0.000187
13239.820000 0.000185
13240.890000 0.000184
13241.970000 0.000183
13243.040000 0.000182
13244.120000 0.000181
13245.190000 0.000179
13246.270000 0.000178
13247.340000 0.000177
13248.420000 0.000176
13249.490000 0.000175
13250.570000 0.000173
13251.640000 0.000172
13252.710000 0.000171
13253.790000 0.000170
13254.870000 0.000168
13255.940000 0.000167
13257.020000 0.000166
13258.090000 0.000165
13259.170000 0.000164
13260.240000 0.000162
13261.320000 0.000161
13262.390000 0.000160
13263.470000 0.000159
13264.550000 0.000158
13265.620000 0.000156
13266.700000 0.000155
13267.770000 0.000154
13268.850000 0.000153
13269.930000 0.000151
13271.000000 0.000150
13272.080000 0.000149
13273.160000 0.000148
13274.230000 0.000147
13275.310000 0.000145
13276.390000 0.000144
13277.460000 0.000143
13278.540000 0.000142
13279.620000 0.000141
13280.700000 0.000139
13281.770000 0.000138
13282.850000 0.000137
13283.930000 0.000136
13285.010000 0.000134
13286.080000 0.000133
13287.160000 0.000132
13288.240000 0.000131
13289.320000 0.000130
13290.400000 0.000128
13291.470000 0.000127
13292.550000 0.000126
13293.630000 0.000125
13294.710000 0.000124
13295.790000 0.000122
13296.870000 0.000121
13297.940000 0.000120
13299.020000 0.000119
13300.100000 0.000117
13301.180000 0.000116
13302.260000 0.000115
13303.340000 0.000114
13304.420000 0.000113
13305.500000 0.000113
13306.580000 0.000113
13307.660000 0.000113
13308.740000 0.000113
13309.820000 0.000113
13310.890000 0.000113
13311.970000 0.000113
13313.050000 0.000113
13314.130000 0.000113
13315.210000 0.000113
13316.290000 0.000113
13317.370000 0.000113
13318.460000 0.000113
13319.540000 0.000113
13320.620000 0.000113
13321.700000 0.000113
13322.780000 0.000113
13323.860000 0.000113
13324.940000 0.000113
13326.020000 0.000113
13327.100000 0.000113
13328.180000 0.000113
13329.260000 0.000114
13330.340000 0.000114
13331.430000 0.000114
13332.510000 0.000114
13333.590000 0.000114
13334.670000 0.000114
13335.750000 0.000114
13336.830000 0.000114
13337.920000 0.000114
13339.000000 0.000114
13340.080000 0.000114
13341.160000 0.000114
13342.250000 0.000114
13343.330000 0.000114
13344.410000 0.000114
13345.490000 0.000114
13346.580000 0.000114
13347.660000 0.000114
13348.740000 0.000114
13349.820000 0.000114
13350.910000 0.000114
13351.990000 0.000114
13353.070000 0.000114
13354.160000 0.000114
13355.240000 0.000115
13356.320000 0.000117
13357.410000 0.000118
13358.490000 0.000119
13359.570000 0.000120
13360.660000 0.000122
13361.740000 0.000123
13362.830000 0.000124
13363.910000 0.000125
13364.990000 0.000126
13366.080000 0.000128
13367.160000 0.000129
13368.250000 0.000130
13369.330000 0.000131
13370.420000 0.000133
13371.500000 0.000134
13372.580000 0.000135
13373.670000 0.000136
13374.750000 0.000138
13375.840000 0.000139
13376.920000 0.000140
13378.010000 0.000141
13379.090000 0.000142
13380.180000 0.000144
13381.270000 0.000145
13382.350000 0.000146
13383.440000 0.000147
13384.520000 0.000149
13385.610000 0.000150
13386.690000 0.000151
13387.780000 0.000152
13388.870000 0.000154
13389.950000 0.000155
13391.040000 0.000156
13392.120000 0.000157
13393.210000 0.000159
13394.300000 0.000160
13395.380000 0.000161
13396.470000 0.000162
13397.560000 0.000164
13398.640000 0.000165
13399.730000 0.000166
13400.820000 0.000167
13401.910000 0.000169
13402.990000 0.000170
13404.080000 0.000171
13405.170000 0.000172
13406.250000 0.000173
13407.340000 0.000175
13408.430000 0.000176
13409.520000 0.000177
13410.610000 0.000178
13411.690000 0.000180
13412.780000 0.000181
13413.870000 0.000182
13414.960000 0.000183
13416.050000 0.000184
13417.130000 0.000186
13418.220000 0.000187
13419.310000 0.000188
13420.400000 0.000189
13421.490000 0.000191
13422.580000 0.000192
13423.670000 0.000193
13424.750000 0.000194
13425.840000 0.000196
13426.930000 0.000197
13428.020000 0.000198
13429.110000 0.000199
13430.200000 0.000200
13431.290000 0.000202
13432.380000 0.000203
13433.470000 0.000204
13434.560000 0.000205
13435.650000 0.000207
13436.740000 0.000208
13437.830000 0.000209
13438.920000 0.000210
13440.010000 0.000211
13441.100000 0.000213
13442.190000 0.000214
13443.280000 0.000215
13444.370000 0.000216
13445.460000 0.000218
13446.550000 0.000219
13447.640000 0.000220
13448.730000 0.000221
13449.830000 0.000223
13450.920000 0.000224
13452.010000 0.000225
13453.100000 0.000226
13454.190000 0.000228
13455.280000 0.000229
13456.370000 0.000230
13457.460000 0.000231
13458.560000 0.000233
13459.650000 0.000234
13460.740000 0.000235
13461.830000 0.000236
13462.920000 0.000237
13464.020000 0.000239
13465.110000 0.000240
13466.200000 0.000241
13467.290000 0.000242
13468.390000 0.000244
13469.480000 0.000245
13470.570000 0.000246
13471.660000 0.000247
13472.760000 0.000248
13473.850000 0.000250
13474.940000 0.000251
13476.040000 0.000252
13477.130000 0.000253
13478.220000 0.000255
13479.320000 0.000256
13480.410000 0.000257
13481.500000 0.000258
13482.600000 0.000260
13483.690000 0.000261
13484.780000 0.000262
13485.880000 0.000263
13486.970000 0.000264
13488.070000 0.000266
13489.160000 0.000267
13490.250000 0.000268
13491.350000 0.000269
13492.440000 0.000271
13493.540000 0.000272
13494.630000 0.000273
13495.730000 0.000274
13496.820000 0.000275
13497.920000 0.000277
13499.010000 0.000278
13500.110000 0.000279
13501.200000 0.000280
13502.300000 0.000282
13503.390000 0.000283
13504.490000 0.000280
13505.580000 0.000275
13506.680000 0.000270
13507.780000 0.000265
13508.870000 0.000260
13509.970000 0.000255
13511.060000 0.000250
13512.160000 0.000245
13513.250000 0.000240
13514.350000 0.000235
13515.450000 0.000230
13516.540000 0.000225
13517.640000 0.000220
13518.740000 0.000215
13519.830000 0.000210
13520.930000 0.000205
13522.030000 0.000200
13523.120000 0.000195
13524.220000 0.000190
13525.320000 0.000185
13526.420000 0.000180
13527.510000 0.000175
13528.610000 0.000170
13529.710000 0.000165
13530.800000 0.000160
13531.900000 0.000155
13533.000000 0.000150
13534.100000 0.000145
13535.200000 0.000140
13536.290000 0.000135
13537.390000 0.000130
13538.490000 0.000125
13539.590000 0.000120
13540.690000 0.000115
13541.790000 0.000110
13542.880000 0.000106
13543.980000 0.000101
13545.080000 0.000096
13546.180000 0.000091
13547.280000 0.000086
13548.380000 0.000081
13549.480000 0.000076
13550.580000 0.000071
13551.680000 0.000066
13552.780000 0.000061
13553.870000 0.000057
13554.970000 0.000057
13556.070000 0.000057
13557.170000 0.000057
13558.270000 0.000057
13559.370000 0.000057
13560.470000 0.000057
13561.570000 0.000057
13562.670000 0.000057
13563.770000 0.000057
13564.870000 0.000057
13565.970000 0.000056
13567.080000 0.000056
13568.180000 0.000056
13569.280000 0.000056
13570.380000 0.000056
13571.480000 0.000056
13572.580000 0.000056
13573.680000 0.000056
13574.780000 0.000056
13575.880000 0.000056
13576.980000 0.000056
13578.080000 0.000056
13579.190000 0.000056
13580.290000 0.000056
13581.390000 0.000056
13582.490000 0.000056
13583.590000 0.000056
13584.700000 0.000056
13585.800000 0.000056
13586.900000 0.000056
13588.000000 0.000056
13589.100000 0.000056
13590.210000 0.000056
13591.310000 0.000056
13592.410000 0.000056
13593.510000 0.000056
13594.620000 0.000056
13595.720000 0.000056
13596.820000 0.000056
13597.920000 0.000056
13599.030000 0.000056
13600.130000 0.000056
13601.230000 0.000056
13602.340000 0.000056
13603.440000 0.000056
13604.540000 0.000061
13605.650000 0.000067
13606.750000 0.000073
13607.860000 0.000080
13608.960000 0.000086
13610.060000 0.000092
13611.170000 0.000098
13612.270000 0.000104
13613.380000 0.000110
13614.480000 0.000117
13615.590000 0.000123
13616.690000 0.000129
13617.790000 0.000135
13618.900000 0.000141
13620.000000 0.000147
13621.110000 0.000154
13622.210000 0.000160
13623.320000 0.000166
13624.420000 0.000172
13625.530000 0.000178
13626.630000 0.000184
13627.740000 0.000191
13628.850000 0.000197
13629.950000 0.000203
13631.060000 0.000209
13632.160000 0.000215
13633.270000 0.000221
13634.380000 0.000227
13635.480000 0.000233
13636.590000 0.000240
13637.690000 0.000246
13638.800000 0.000252
13639.910000 0.000258
13641.010000 0.000264
13642.120000 0.000270
13643.230000 0.000276
13644.330000 0.000282
13645.440000 0.000288
13646.550000 0.000294
13647.650000 0.000301
13648.760000 0.000307
13649.870000 0.000313
13650.970000 0.000319
13652.080000 0.000325
13653.190000 0.000331
13654.300000 0.000331
13655.410000 0.000325
13656.510000 0.000318
13657.620000 0.000312
13658.730000 0.000306
13659.840000 0.000300
13660.940000 0.000293
13662.050000 0.000287
13663.160000 0.000281
13664.270000 0.000275
13665.380000 0.000269
13666.490000 0.000262
13667.600000 0.000256
13668.700000 0.000250
13669.810000 0.000244
13670.920000 0.000237
13672.030000 0.000231
13673.140000 0.000225
13674.250000 0.000219
13675.360000 0.000213
13676.470000 0.000206
13677.580000 0.000200
13678.690000 0.000194
13679.800000 0.000188
13680.910000 0.000182
13682.020000 0.000175
13683.130000 0.000169
13684.240000 0.000163
13685.350000 0.000157
13686.460000 0.000151
13687.570000 0.000145
13688.680000 0.000138
13689.790000 0.000132
13690.900000 0.000126
13692.010000 0.000120
13693.120000 0.000114
13694.230000 0.000108
13695.340000 0.000101
13696.450000 0.000095
13697.560000 0.000089
13698.670000 0.000083
13699.790000 0.000077
13700.900000 0.000071
13702.010000 0.000065
13703.120000 0.000058
13704.230000 0.000055
13705.340000 0.000055
13706.460000 0.000056
13707.570000 0.000056
13708.680000 0.000056
13709.790000 0.000057
13710.900000 0.000057
13712.020000 0.000057
13713.130000 0.000057
13714.240000 0.000058
13715.350000 0.000058
13716.470000 0.000058
13717.580000 0.000059
13718.690000 0.000059
13719.800000 0.000059
13720.920000 0.000060
13722.030000 0.000060
13723.140000 0.000060
13724.260000 0.000060
13725.370000 0.000061
13726.480000 0.000061
13727.600000 0.000061
13728.710000 0.000062
13729.820000 0.000062
13730.940000 0.000062
13732.050000 0.000062
13733.170000 0.000063
13734.280000 0.000063
13735.390000 0.000063
13736.510000 0.000064
13737.620000 0.000064
13738.740000 0.000064
13739.850000 0.000064
13740.970000 0.000065
13742.080000 0.000065
13743.200000 0.000065
13744.310000 0.000066
13745.430000 0.000066
13746.540000 0.000066
13747.660000 0.000066
13748.770000 0.000067
13749.890000 0.000067
13751.000000 0.000067
13752.120000 0.000068
13753.230000 0.000068
13754.350000 0.000068
13755.460000 0.000068
13756.580000 0.000069
13757.700000 0.000069
13758.810000 0.000069
13759.930000 0.000070
13761.040000 0.000070
13762.160000 0.000070
13763.280000 0.000070
13764.390000 0.000071
13765.510000 0.000071
13766.630000 0.000071
13767.740000 0.000072
13768.860000 0.000072
13769.980000 0.000072
13771.090000 0.000072
13772.210000 0.000073
13773.330000 0.000073
13774.450000 0.000073
13775.560000 0.000074
13776.680000 0.000074
13777.800000 0.000074
13778.920000 0.000074
13780.030000 0.000075
13781.150000 0.000075
13782.270000 0.000075
13783.390000 0.000075
13784.510000 0.000076
13785.620000 0.000076
13786.740000 0.000076
13787.860000 0.000077
13788.980000 0.000077
13790.100000 0.000077
13791.220000 0.000077
13792.340000 0.000078
13793.460000 0.000078
13794.570000 0.000078
13795.690000 0.000079
13796.810000 0.000079
13797.930000 0.000079
13799.050000 0.000079
13800.170000 0.000080
13801.290000 0.000080
13802.410000 0.000080
13803.530000 0.000081
13804.650000 0.000081
13805.770000 0.000081
13806.890000 0.000081
13808.010000 0.000082
13809.130000 0.000082
13810.250000 0.000082
13811.370000 0.000083
13812.490000 0.000083
13813.610000 0.000083
13814.730000 0.000083
13815.850000 0.000084
13816.970000 0.000084
13818.090000 0.000084
13819.210000 0.000084
13820.330000 0.000085
13821.460000 0.000085
13822.580000 0.000085
13823.700000 0.000086
13824.820000 0.000086
13825.940000 0.000086
13827.060000 0.000086
13828.180000 0.000087
13829.310000 0.000087
13830.430000 0.000087
13831.550000 0.000088
13832.670000 0.000088
13833.790000 0.000088
13834.920000 0.000089
13836.040000 0.000089
13837.160000 0.000089
13838.280000 0.000090
13839.410000 0.000090
13840.530000 0.000090
13841.650000 0.000091
13842.780000 0.000091
13843.900000 0.000091
13845.020000 0.000091
13846.140000 0.000092
13847.270000 0.000092
13848.390000 0.000092
13849.510000 0.000093
13850.640000 0.000093
13851.760000 0.000093
13852.880000 0.000094
13854.010000 0.000094
13855.130000 0.000094
13856.260000 0.000095
13857.380000 0.000095
13858.500000 0.000095
13859.630000 0.000096
13860.750000 0.000096
13861.880000 0.000096
13863.000000 0.000097
13864.130000 0.000097
13865.250000 0.000097
13866.380000 0.000098
13867.500000 0.000098
13868.630000 0.000098
13869.750000 0.000099
13870.880000 0.000099
13872.000000 0.000099
13873.130000 0.000100
13874.250000 0.000100
13875.380000 0.000100
13876.500000 0.000101
13877.630000 0.000101
13878.750000 0.000101
13879.880000 0.000102
13881.010000 0.000102
13882.130000 0.000102
13883.260000 0.000103
13884.390000 0.000103
13885.510000 0.000103
13886.640000 0.000104
13887.760000 0.000104
13888.890000 0.000104
13890.020000 0.000105
13891.140000 0.000105
13892.270000 0.000105
13893.400000 0.000106
13894.530000 0.000106
13895.650000 0.000106
13896.780000 0.000107
13897.910000 0.000107
13899.040000 0.000107
13900.160000 0.000108
13901.290000 0.000108
13902.420000 0.000108
13903.550000 0.000109
13904.670000 0.000109
13905.800000 0.000109
13906.930000 0.000109
13908.060000 0.000109
13909.190000 0.000109
13910.310000 0.000109
13911.440000 0.000109
13912.570000 0.000109
13913.700000 0.000109
13914.830000 0.000109
13915.960000 0.000109
13917.090000 0.000109
13918.220000 0.000109
13919.340000 0.000109
13920.470000 0.000109
13921.600000 0.000109
13922.730000 0.000109
13923.860000 0.000109
13924.990000 0.000109
13926.120000 0.000109
13927.250000 0.000109
13928.380000 0.000109
13929.510000 0.000109
13930.640000 0.000109
13931.770000 0.000109
13932.900000 0.000109
13934.030000 0.000109
13935.160000 0.000109
13936.290000 0.000109
13937.420000 0.000109
13938.550000 0.000109
13939.680000 0.000109
13940.810000 0.000109
13941.950000 0.000109
13943.080000 0.000109
13944.210000 0.000109
13945.340000 0.000109
13946.470000 0.000110
13947.600000 0.000110
13948.730000 0.000110
13949.860000 0.000110
13951.000000 0.000110
13952.130000 0.000110
13953.260000 0.000110
13954.390000 0.000110
13955.520000 0.000112
13956.660000 0.000113
13957.790000 0.000114
13958.920000 0.000115
13960.050000 0.000117
13961.180000 0.000118
13962.320000 0.000119
13963.450000 0.000120
13964.580000 0.000122
13965.720000 0.000123
13966.850000 0.000124
13967.980000 0.000126
13969.120000 0.000127
13970.250000 0.000128
13971.380000 0.000129
13972.510000 0.000131
13973.650000 0.000132
13974.780000 0.000133
13975.920000 0.000135
13977.050000 0.000136
13978.180000 0.000137
13979.320000 0.000138
13980.450000 0.000140
13981.580000 0.000141
13982.720000 0.000142
13983.850000 0.000143
13984.990000 0.000145
13986.120000 0.000146
13987.260000 0.000147
13988.390000 0.000149
13989.530000 0.000150
13990.660000 0.000151
13991.800000 0.000153
13992.930000 0.000154
13994.070000 0.000155
13995.200000 0.000156
13996.340000 0.000158
13997.470000 0.000159
13998.610000 0.000160
13999.740000 0.000162
14000.880000 0.000163
14002.020000 0.000164
14003.150000 0.000165
14004.290000 0.000166
14005.420000 0.000164
14006.560000 0.000163
14007.700000 0.000162
14008.830000 0.000161
14009.970000 0.000159
14011.100000 0.000158
14012.240000 0.000157
14013.380000 0.000156
14014.510000 0.000154
14015.650000 0.000153
14016.790000 0.000152
14017.930000 0.000151
14019.060000 0.000150
14020.200000 0.000148
14021.340000 0.000147
14022.480000 0.000146
14023.610000 0.000145
14024.750000 0.000143
14025.890000 0.000142
14027.030000 0.000141
14028.160000 0.000140
14029.300000 0.000138
14030.440000 0.000137
14031.580000 0.000136
14032.720000 0.000135
14033.850000 0.000133
14034.990000 0.000132
14036.130000 0.000131
14037.270000 0.000130
14038.410000 0.000128
14039.550000 0.000127
14040.690000 0.000126
14041.830000 0.000125
14042.960000 0.000123
14044.100000 0.000122
14045.240000 0.000121
14046.380000 0.000120
14047.520000 0.000118
14048.660000 0.000117
14049.800000 0.000116
14050.940000 0.000115
14052.080000 0.000113
14053.220000 0.000112
14054.360000 0.000111
14055.500000 0.000111
14056.640000 0.000111
14057.780000 0.000111
14058.920000 0.000111
14060.060000 0.000111
14061.200000 0.000111
14062.340000 0.000111
14063.480000 0.000111
14064.630000 0.000111
14065.770000 0.000111
14066.910000 0.000111
14068.050000 0.000111
14069.190000 0.000111
14070.330000 0.000111
14071.470000 0.000112
14072.610000 0.000112
14073.760000 0.000112
14074.900000 0.000112
14076.040000 0.000112
14077.180000 0.000112
14078.320000 0.000112
14079.460000 0.000112
14080.610000 0.000112
14081.750000 0.000112
14082.890000 0.000112
14084.030000 0.000112
14085.180000 0.000112
14086.320000 0.000112
14087.460000 0.000112
14088.610000 0.000112
14089.750000 0.000112
14090.890000 0.000112
14092.030000 0.000112
14093.180000 0.000112
14094.320000 0.000112
14095.460000 0.000112
14096.610000 0.000112
14097.750000 0.000112
14098.890000 0.000112
14100.040000 0.000112
14101.180000 0.000112
14102.330000 0.000112
14103.470000 0.000112
14104.610000 0.000111
14105.760000 0.000110
14106.900000 0.000109
14108.050000 0.000107
14109.190000 0.000106
14110.340000 0.000105
14111.480000 0.000103
14112.630000 0.000102
14113.770000 0.000101
14114.920000 0.000100
14116.060000 0.000098
14117.210000 0.000097
14118.350000 0.000096
14119.500000 0.000095
14120.640000 0.000093
14121.790000 0.000092
14122.930000 0.000091
14124.080000 0.000089
14125.220000 0.000088
14126.370000 0.000087
14127.520000 0.000086
14128.660000 0.000084
14129.810000 0.000083
14130.950000 0.000082
14132.100000 0.000081
14133.250000 0.000079
14134.390000 0.000078
14135.540000 0.000077
14136.690000 0.000075
14137.830000 0.000074
14138.980000 0.000073
14140.130000 0.000072
14141.270000 0.000070
14142.420000 0.000069
14143.570000 0.000068
14144.720000 0.000066
14145.860000 0.000065
14147.010000 0.000064
14148.160000 0.000063
14149.310000 0.000061
14150.460000 0.000060
14151.600000 0.000059
14152.750000 0.000057
14153.900000 0.000056
14155.050000 0.000059
14156.200000 0.000061
14157.340000 0.000064
14158.490000 0.000067
14159.640000 0.000069
14160.790000 0.000072
14161.940000 0.000074
14163.090000 0.000077
14164.240000 0.000080
14165.380000 0.000082
14166.530000 0.000085
14167.680000 0.000087
14168.830000 0.000090
14169.980000 0.000093
14171.130000 0.000095
14172.280000 0.000098
14173.430000 0.000100
14174.580000 0.000103
14175.730000 0.000106
14176.880000 0.000108
14178.030000 0.000111
14179.180000 0.000113
14180.330000 0.000116
14181.480000 0.000119
14182.630000 0.000121
14183.780000 0.000124
14184.930000 0.000126
14186.080000 0.000129
14187.230000 0.000132
14188.390000 0.000134
14189.540000 0.000137
14190.690000 0.000139
14191.840000 0.000142
14192.990000 0.000145
14194.140000 0.000147
14195.290000 0.000150
14196.440000 0.000152
14197.600000 0.000155
14198.750000 0.000158
14199.900000 0.000160
14201.050000 0.000163
14202.200000 0.000166
14203.360000 0.000168
14204.510000 0.000169
14205.660000 0.000167
14206.810000 0.000166
14207.960000 0.000165
14209.120000 0.000163
14210.270000 0.000162
14211.420000 0.000161
14212.580000 0.000159
14213.730000 0.000158
14214.880000 0.000157
14216.040000 0.000156
14217.190000 0.000154
14218.340000 0.000153
14219.500000 0.000152
14220.650000 0.000150
14221.800000 0.000149
14222.960000 0.000148
14224.110000 0.000146
14225.260000 0.000145
14226.420000 0.000144
14227.570000 0.000143
14228.730000 0.000141
14229.880000 0.000140
14231.030000 0.000139
14232.190000 0.000137
14233.340000 0.000136
14234.500000 0.000135
14235.650000 0.000133
14236.810000 0.000132
14237.960000 0.000131
14239.120000 0.000130
14240.270000 0.000128
14241.430000 0.000127
14242.580000 0.000126
14243.740000 0.000124
14244.890000 0.000123
14246.050000 0.000122
14247.210000 0.000120
14248.360000 0.000119
14249.520000 0.000118
14250.670000 0.000117
14251.830000 0.000115
14252.990000 0.000114
14254.140000 0.000113
14255.300000 0.000115
14256.450000 0.000116
14257.610000 0.000117
14258.770000 0.000118
14259.920000 0.000120
14261.080000 0.000121
14262.240000 0.000122
14263.390000 0.000124
14264.550000 0.000125
14265.710000 0.000126
14266.870000 0.000128
14268.020000 0.000129
14269.180000 0.000130
14270.340000 0.000132
14271.500000 0.000133
14272.650000 0.000134
14273.810000 0.000135
14274.970000 0.000137
14276.130000 0.000138
14277.290000 0.000139
14278.440000 0.000141
14279.600000 0.000142
14280.760000 0.000143
14281.920000 0.000145
14283.080000 0.000146
14284.240000 0.000147
14285.400000 0.000149
14286.550000 0.000150
14287.710000 0.000151
14288.870000 0.000152
14290.030000 0.000154
14291.190000 0.000155
14292.350000 0.000156
14293.510000 0.000158
14294.670000 0.000159
14295.830000 0.000160
14296.990000 0.000162
14298.150000 0.000163
14299.310000 0.000164
14300.470000 0.000166
14301.630000 0.000167
14302.790000 0.000168
14303.950000 0.000169
14305.110000 0.000168
14306.270000 0.000167
14307.430000 0.000165
14308.590000 0.000164
14309.750000 0.000163
14310.910000 0.000162
14312.070000 0.000160
14313.230000 0.000159
14314.400000 0.000158
14315.560000 0.000156
14316.720000 0.000155
14317.880000 0.000154
14319.040000 0.000152
14320.200000 0.000151
14321.360000 0.000150
14322.530000 0.000148
14323.690000 0.000147
14324.850000 0.000146
14326.010000 0.000145
14327.170000 0.000143
14328.340000 0.000142
14329.500000 0.000141
14330.660000 0.000139
14331.820000 0.000138
14332.990000 0.000137
14334.150000 0.000135
14335.310000 0.000134
14336.470000 0.000133
14337.640000 0.000131
14338.800000 0.000130
14339.960000 0.000129
14341.130000 0.000127
14342.290000 0.000126
14343.450000 0.000125
14344.620000 0.000124
14345.780000 0.000122
14346.950000 0.000121
14348.110000 0.000120
14349.270000 0.000118
14350.440000 0.000117
14351.600000 0.000116
14352.770000 0.000114
14353.930000 0.000113
14355.090000 0.000114
14356.260000 0.000116
14357.420000 0.000117
14358.590000 0.000118
14359.750000 0.000120
14360.920000 0.000121
14362.080000 0.000122
14363.250000 0.000124
14364.410000 0.000125
14365.580000 0.000126
14366.740000 0.000128
14367.910000 0.000129
14369.070000 0.000130
14370.240000 0.000131
14371.410000 0.000133
14372.570000 0.000134
14373.740000 0.000135
14374.900000 0.000137
14376.070000 0.000138
14377.240000 0.000139
14378.400000 0.000141
14379.570000 0.000142
14380.740000 0.000143
14381.900000 0.000145
14383.070000 0.000146
14384.240000 0.000147
14385.400000 0.000149
14386.570000 0.000150
14387.740000 0.000151
14388.900000 0.000153
14390.070000 0.000154
14391.240000 0.000155
14392.410000 0.000157
14393.570000 0.000158
14394.740000 0.000159
14395.910000 0.000160
14397.080000 0.000162
14398.240000 0.000163
14399.410000 0.000164
14400.580000 0.000166
14401.750000 0.000167
14402.920000 0.000168
14404.080000 0.000170
14405.250000 0.000171
14406.420000 0.000172
14407.590000 0.000174
14408.760000 0.000175
14409.930000 0.000176
14411.100000 0.000178
14412.270000 0.000179
14413.440000 0.000180
14414.610000 0.000181
14415.770000 0.000183
14416.940000 0.000184
14418.110000 0.000185
14419.280000 0.000187
14420.450000 0.000188
14421.620000 0.000189
14422.790000 0.000191
14423.960000 0.000192
14425.130000 0.000193
14426.300000 0.000195
14427.470000 0.000196
14428.640000 0.000197
14429.810000 0.000199
14430.980000 0.000200
14432.160000 0.000201
14433.330000 0.000203
14434.500000 0.000204
14435.670000 0.000205
14436.840000 0.000207
14438.010000 0.000208
14439.180000 0.000209
14440.350000 0.000210
14441.520000 0.000212
14442.700000 0.000213
14443.870000 0.000214
14445.040000 0.000216
14446.210000 0.000217
14447.380000 0.000218
14448.550000 0.000220
14449.730000 0.000221
14450.900000 0.000222
14452.070000 0.000224
14453.240000 0.000225
14454.420000 0.000226
14455.590000 0.000226
14456.760000 0.000226
14457.930000 0.000226
14459.110000 0.000226
14460.280000 0.000226
14461.450000 0.000226
14462.630000 0.000226
14463.800000 0.000226
14464.970000 0.000226
14466.150000 0.000226
14467.320000 0.000226
14468.490000 0.000226
14469.670000 0.000226
14470.840000 0.000226
14472.010000 0.000226
14473.190000 0.000226
14474.360000 0.000226
14475.540000 0.000226
14476.710000 0.000226
14477.890000 0.000226
14479.060000 0.000226
14480.240000 0.000226
14481.410000 0.000226
14482.580000 0.000226
14483.760000 0.000226
14484.930000 0.000226
14486.110000 0.000226
14487.280000 0.000226
14488.460000 0.000226
14489.630000 0.000226
14490.810000 0.000226
14491.990000 0.000226
14493.160000 0.000226
14494.340000 0.000226
14495.510000 0.000226
14496.690000 0.000226
14497.870000 0.000226
14499.040000 0.000226
14500.220000 0.000226
14501.390000 0.000226
14502.570000 0.000226
14503.750000 0.000226
14504.920000 0.000225
14506.100000 0.000223
14507.280000 0.000222
14508.450000 0.000221
14509.630000 0.000219
14510.810000 0.000218
14511.980000 0.000217
14513.160000 0.000215
14514.340000 0.000214
14515.520000 0.000213
14516.690000 0.000211
14517.870000 0.000210
14519.050000 0.000209
14520.230000 0.000207
14521.410000 0.000206
14522.580000 0.000205
14523.760000 0.000203
14524.940000 0.000202
14526.120000 0.000201
14527.300000 0.000199
14528.470000 0.000198
14529.650000 0.000197
14530.830000 0.000195
14532.010000 0.000194
14533.190000 0.000193
14534.370000 0.000191
14535.550000 0.000190
14536.730000 0.000189
14537.910000 0.000187
14539.090000 0.000186
14540.260000 0.000185
14541.440000 0.000183
14542.620000 0.000182
14543.800000 0.000181
14544.980000 0.000179
14546.160000 0.000178
14547.340000 0.000177
14548.520000 0.000175
14549.700000 0.000174
14550.880000 0.000173
14552.060000 0.000172
14553.250000 0.000170
14554.430000 0.000169
14555.610000 0.000169
14556.790000 0.000169
14557.970000 0.000169
14559.150000 0.000169
14560.330000 0.000169
14561.510000 0.000169
14562.690000 0.000169
14563.870000 0.000169
14565.060000 0.000169
14566.240000 0.000169
14567.420000 0.000169
14568.600000 0.000169
14569.780000 0.000169
14570.960000 0.000169
14572.150000 0.000169
14573.330000 0.000169
14574.510000 0.000169
14575.690000 0.000169
14576.880000 0.000169
14578.060000 0.000169
14579.240000 0.000169
14580.420000 0.000169
14581.610000 0.000169
14582.790000 0.000169
14583.970000 0.000169
14585.160000 0.000169
14586.340000 0.000169
14587.520000 0.000169
14588.710000 0.000169
14589.890000 0.000169
14591.070000 0.000169
14592.260000 0.000169
14593.440000 0.000170
14594.620000 0.000170
14595.810000 0.000170
14596.990000 0.000170
14598.170000 0.000170
14599.360000 0.000170
14600.540000 0.000170
14601.730000 0.000170
14602.910000 0.000170
14604.100000 0.000169
14605.280000 0.000168
14606.470000 0.000167
14607.650000 0.000165
14608.840000 0.000164
14610.020000 0.000163
14611.210000 0.000161
14612.390000 0.000160
14613.580000 0.000159
14614.760000 0.000157
14615.950000 0.000156
14617.130000 0.000155
14618.320000 0.000153
14619.510000 0.000152
14620.690000 0.000151
14621.880000 0.000149
14623.060000 0.000148
14624.250000 0.000147
14625.440000 0.000145
14626.620000 0.000144
14627.810000 0.000143
14629.000000 0.000141
14630.180000 0.000140
14631.370000 0.000139
14632.560000 0.000137
14633.740000 0.000136
14634.930000 0.000135
14636.120000 0.000133
14637.310000 0.000132
14638.490000 0.000131
14639.680000 0.000129
14640.870000 0.000128
14642.060000 0.000127
14643.240000 0.000125
14644.430000 0.000124
14645.620000 0.000123
14646.810000 0.000121
14648.000000 0.000120
14649.180000 0.000119
14650.370000 0.000117
14651.560000 0.000116
14652.750000 0.000114
14653.940000 0.000113
14655.130000 0.000114
14656.320000 0.000116
14657.500000 0.000117
14658.690000 0.000118
14659.880000 0.000120
14661.070000 0.000121
14662.260000 0.000122
14663.450000 0.000124
14664.640000 0.000125
14665.830000 0.000126
14667.020000 0.000128
14668.210000 0.000129
14669.400000 0.000131
14670.590000 0.000132
14671.780000 0.000133
14672.970000 0.000135
14674.160000 0.000136
14675.350000 0.000137
14676.540000 0.000139
14677.730000 0.000140
14678.920000 0.000141
14680.110000 0.000143
14681.300000 0.000144
14682.500000 0.000145
14683.690000 0.000147
14684.880000 0.000148
14686.070000 0.000149
14687.260000 0.000151
14688.450000 0.000152
14689.640000 0.000153
14690.830000 0.000155
14692.030000 0.000156
14693.220000 0.000158
14694.410000 0.000159
14695.600000 0.000160
14696.790000 0.000162
14697.990000 0.000163
14699.180000 0.000164
14700.370000 0.000166
14701.560000 0.000167
14702.760000 0.000168
14703.950000 0.000170
14705.140000 0.000198
14706.340000 0.000227
14707.530000 0.000257
14708.720000 0.000287
14709.920000 0.000316
14711.110000 0.000346
14712.300000 0.000376
14713.500000 0.000405
14714.690000 0.000401
14715.880000 0.000370
14717.080000 0.000339
14718.270000 0.000308
14719.460000 0.000277
14720.660000 0.000246
14721.850000 0.000215
14723.050000 0.000184
14724.240000 0.000161
14725.440000 0.000178
14726.630000 0.000194
14727.820000 0.000210
14729.020000 0.000226
14730.210000 0.000242
14731.410000 0.000259
14732.600000 0.000275
14733.800000 0.000291
14734.990000 0.000296
14736.190000 0.000299
14737.390000 0.000302
14738.580000 0.000305
14739.780000 0.000307
14740.970000 0.000310
14742.170000 0.000313
14743.360000 0.000316
14744.560000 0.000321
14745.760000 0.000331
14746.950000 0.000340
14748.150000 0.000350
14749.340000 0.000359
14750.540000 0.000369
14751.740000 0.000378
14752.930000 0.000388
14754.130000 0.000397
14755.330000 0.000412
14756.530000 0.000427
14757.720000 0.000442
14758.920000 0.000457
14760.120000 0.000472
14761.310000 0.000487
14762.510000 0.000502
14763.710000 0.000517
14764.910000 0.000517
14766.100000 0.000511
14767.300000 0.000506
14768.500000 0.000501
14769.700000 0.000495
14770.900000 0.000490
14772.100000 0.000484
14773.290000 0.000479
14774.490000 0.000481
14775.690000 0.000496
14776.890000 0.000511
14778.090000 0.000526
14779.290000 0.000541
14780.490000 0.000556
14781.680000 0.000571
14782.880000 0.000586
14784.080000 0.000601
14785.280000 0.000623
14786.480000 0.000645
14787.680000 0.000666
14788.880000 0.000688
14790.080000 0.000710
14791.280000 0.000731
14792.480000 0.000753
14793.680000 0.000775
14794.880000 0.000791
14796.080000 0.000806
14797.280000 0.000821
14798.480000 0.000836
14799.680000 0.000851
14800.880000 0.000866
14802.080000 0.000881
14803.280000 0.000896
14804.480000 0.000922
14805.690000 0.000969
14806.890000 0.001015
14808.090000 0.001061
14809.290000 0.001107
14810.490000 0.001154
14811.690000 0.001200
14812.890000 0.001246
14814.100000 0.001292
14815.300000 0.001317
14816.500000 0.001343
14817.700000 0.001369
14818.900000 0.001395
14820.110000 0.001421
14821.310000 0.001447
14822.510000 0.001473
14823.710000 0.001499
14824.920000 0.001549
14826.120000 0.001609
14827.320000 0.001669
14828.520000 0.001729
14829.730000 0.001789
14830.930000 0.001848
14832.130000 0.001908
14833.330000 0.001968
14834.540000 0.002036
14835.740000 0.002116
14836.950000 0.002196
14838.150000 0.002276
14839.350000 0.002357
14840.560000 0.002437
14841.760000 0.002517
14842.960000 0.002598
14844.170000 0.002679
14845.370000 0.002766
14846.580000 0.002853
14847.780000 0.002941
14848.990000 0.003028
14850.190000 0.003115
14851.400000 0.003203
14852.600000 0.003290
14853.800000 0.003377
14855.010000 0.003507
14856.210000 0.003647
14857.420000 0.003788
14858.630000 0.003928
14859.830000 0.004069
14861.040000 0.004209
14862.240000 0.004350
14863.450000 0.004490
14864.650000 0.004671
14865.860000 0.004894
14867.070000 0.005117
14868.270000 0.005340
14869.480000 0.005563
14870.680000 0.005785
14871.890000 0.006007
14873.100000 0.006230
14874.300000 0.006463
14875.510000 0.006739
14876.720000 0.007014
14877.920000 0.007290
14879.130000 0.007566
14880.340000 0.007843
14881.540000 0.008119
14882.750000 0.008396
14883.960000 0.008673
14885.170000 0.009056
14886.370000 0.009450
14887.580000 0.009843
14888.790000 0.010237
14890.000000 0.010631
14891.210000 0.011025
14892.410000 0.011419
14893.620000 0.011813
14894.830000 0.012292
14896.040000 0.012822
14897.250000 0.013352
14898.450000 0.013882
14899.660000 0.014413
14900.870000 0.014943
14902.080000 0.015473
14903.290000 0.016004
14904.500000 0.016638
14905.710000 0.017462
14906.920000 0.018287
14908.130000 0.019112
14909.330000 0.019937
14910.540000 0.020762
14911.750000 0.021584
14912.960000 0.022407
14914.170000 0.023257
14915.380000 0.024401
14916.590000 0.025545
14917.800000 0.026690
14919.010000 0.027834
14920.220000 0.028978
14921.430000 0.030125
14922.640000 0.031272
14923.860000 0.032420
14925.070000 0.033975
14926.280000 0.035621
14927.490000 0.037268
14928.700000 0.038915
14929.910000 0.040564
14931.120000 0.042211
14932.330000 0.043859
14933.540000 0.045508
14934.750000 0.047576
14935.970000 0.049982
14937.180000 0.052386
14938.390000 0.054791
14939.600000 0.057197
14940.810000 0.059603
14942.030000 0.062009
14943.240000 0.064415
14944.450000 0.067139
14945.660000 0.070589
14946.870000 0.074041
14948.090000 0.077491
14949.300000 0.080944
14950.510000 0.084393
14951.730000 0.087837
14952.940000 0.091281
14954.150000 0.094792
14955.360000 0.099504
14956.580000 0.104219
14957.790000 0.108929
14959.000000 0.113642
14960.220000 0.118353
14961.430000 0.123077
14962.650000 0.127801
14963.860000 0.132525
14965.070000 0.138392
14966.290000 0.144523
14967.500000 0.150654
14968.720000 0.156791
14969.930000 0.162922
14971.140000 0.169054
14972.360000 0.175192
14973.570000 0.181329
14974.790000 0.188184
14976.000000 0.195572
14977.220000 0.202960
14978.430000 0.210349
14979.650000 0.217737
14980.860000 0.225110
14982.080000 0.232482
14983.290000 0.239846
14984.510000 0.247491
14985.720000 0.255670
14986.940000 0.263847
14988.160000 0.272023
14989.370000 0.280197
14990.590000 0.288384
14991.800000 0.296586
14993.020000 0.304794
14994.240000 0.312951
14995.450000 0.320762
14996.670000 0.328567
14997.890000 0.336379
14999.100000 0.344191
15000.320000 0.351997
15001.540000 0.359789
15002.750000 0.367579
15003.970000 0.375369
15005.190000 0.382284
15006.400000 0.389089
15007.620000 0.395898
15008.840000 0.402702
15010.060000 0.409508
15011.270000 0.416274
15012.490000 0.423038
15013.710000 0.429800
15014.930000 0.435380
15016.150000 0.440402
15017.360000 0.445419
15018.580000 0.450434
15019.800000 0.455452
15021.020000 0.460508
15022.240000 0.465570
15023.460000 0.470628
15024.670000 0.474967
15025.890000 0.478482
15027.110000 0.481999
15028.330000 0.485513
15029.550000 0.489027
15030.770000 0.492544
15031.990000 0.496057
15033.210000 0.499573
15034.430000 0.502757
15035.650000 0.505013
15036.870000 0.507269
15038.090000 0.509524
15039.310000 0.511779
15040.530000 0.514012
15041.750000 0.516217
15042.970000 0.518419
15044.190000 0.520569
15045.410000 0.521947
15046.630000 0.523323
15047.850000 0.524698
15049.070000 0.526074
15050.290000 0.527464
15051.510000 0.528892
15052.730000 0.530320
15053.960000 0.531750
15055.180000 0.532729
15056.400000 0.533642
15057.620000 0.534555
15058.840000 0.535467
15060.060000 0.536381
15061.280000 0.537293
15062.500000 0.538206
15063.730000 0.539119
15064.950000 0.539793
15066.170000 0.540355
15067.390000 0.540917
15068.620000 0.541479
15069.840000 0.542041
15071.060000 0.542555
15072.280000 0.543062
15073.510000 0.543569
15074.730000 0.543956
15075.950000 0.544222
15077.170000 0.544488
15078.400000 0.544753
15079.620000 0.545019
15080.840000 0.545323
15082.070000 0.545643
15083.290000 0.545964
15084.510000 0.546278
15085.740000 0.546578
15086.960000 0.546879
15088.190000 0.547179
15089.410000 0.547479
15090.630000 0.547779
15091.860000 0.548079
15093.080000 0.548379
15094.310000 0.548655
15095.530000 0.548790
15096.760000 0.548925
15097.980000 0.549060
15099.210000 0.549195
15100.430000 0.549310
15101.660000 0.549389
15102.880000 0.549469
15104.110000 0.549548
15105.330000 0.549661
15106.560000 0.549774
15107.780000 0.549888
15109.010000 0.550001
15110.230000 0.550125
15111.460000 0.550294
15112.680000 0.550463
15113.910000 0.550633
15115.140000 0.550655
15116.360000 0.550645
15117.590000 0.550636
15118.820000 0.550626
15120.040000 0.550616
15121.270000 0.550607
15122.500000 0.550597
15123.720000 0.550588
15124.950000 0.550550
15126.180000 0.550499
15127.400000 0.550448
15128.630000 0.550397
15129.860000 0.550347
15131.080000 0.550246
15132.310000 0.550139
15133.540000 0.550032
15134.770000 0.549854
15136.000000 0.549610
15137.220000 0.549365
15138.450000 0.549121
15139.680000 0.548877
15140.910000 0.548674
15142.140000 0.548485
15143.360000 0.548297
15144.590000 0.548131
15145.820000 0.548005
15147.050000 0.547878
15148.280000 0.547751
15149.510000 0.547625
15150.740000 0.547498
15151.970000 0.547372
15153.190000 0.547245
15154.420000 0.547096
15155.650000 0.546874
15156.880000 0.546650
15158.110000 0.546428
15159.340000 0.546205
15160.570000 0.545956
15161.800000 0.545677
15163.030000 0.545399
15164.260000 0.545115
15165.490000 0.544781
15166.720000 0.544448
15167.950000 0.544115
15169.180000 0.543781
15170.410000 0.543467
15171.640000 0.543189
15172.870000 0.542911
15174.110000 0.542633
15175.340000 0.542382
15176.570000 0.542132
15177.800000 0.541882
15179.030000 0.541632
15180.260000 0.541369
15181.490000 0.541064
15182.720000 0.540759
15183.960000 0.540453
15185.190000 0.540142
15186.420000 0.539830
15187.650000 0.539518
15188.880000 0.539205
15190.120000 0.538898
15191.350000 0.538641
15192.580000 0.538385
15193.810000 0.538128
15195.050000 0.537971
15196.280000 0.537851
15197.510000 0.537732
15198.740000 0.537613
15199.980000 0.537493
15201.210000 0.537369
15202.440000 0.537244
15203.680000 0.537119
15204.910000 0.536973
15206.140000 0.536814
15207.380000 0.536655
15208.610000 0.536496
15209.840000 0.536336
15211.080000 0.536129
15212.310000 0.535915
15213.550000 0.535701
15214.780000 0.535504
15216.010000 0.535325
15217.250000 0.535145
15218.480000 0.534965
15219.720000 0.534786
15220.950000 0.534649
15222.190000 0.534524
15223.420000 0.534399
15224.660000 0.534308
15225.890000 0.534266
15227.130000 0.534224
15228.360000 0.534182
15229.600000 0.534140
15230.830000 0.534061
15232.070000 0.533963
15233.300000 0.533867
15234.540000 0.533749
15235.780000 0.533583
15237.010000 0.533417
15238.250000 0.533251
15239.480000 0.533086
15240.720000 0.532952
15241.960000 0.532841
15243.190000 0.532730
15244.430000 0.532621
15245.670000 0.532517
15246.900000 0.532413
15248.140000 0.532309
15249.380000 0.532205
15250.610000 0.532102
15251.850000 0.531997
15253.090000 0.531894
15254.330000 0.531803
15255.560000 0.531802
15256.800000 0.531801
15258.040000 0.531800
15259.280000 0.531800
15260.510000 0.531776
15261.750000 0.531721
15262.990000 0.531665
15264.230000 0.531608
15265.470000 0.531525
15266.710000 0.531442
15267.940000 0.531359
15269.180000 0.531276
15270.420000 0.531211
15271.660000 0.531183
15272.900000 0.531155
15274.140000 0.531127
15275.380000 0.530998
15276.620000 0.530867
15277.860000 0.530735
15279.090000 0.530604
15280.330000 0.530458
15281.570000 0.530271
15282.810000 0.530085
15284.050000 0.529899
15285.290000 0.529862
15286.530000 0.529841
15287.770000 0.529820
15289.010000 0.529798
15290.250000 0.529788
15291.490000 0.529822
15292.730000 0.529856
15293.980000 0.529890
15295.220000 0.529917
15296.460000 0.529944
15297.700000 0.529971
15298.940000 0.529997
15300.180000 0.530016
15301.420000 0.529988
15302.660000 0.529960
15303.900000 0.529932
15305.140000 0.529834
15306.390000 0.529717
15307.630000 0.529599
15308.870000 0.529482
15310.110000 0.529369
15311.350000 0.529307
15312.600000 0.529244
15313.840000 0.529181
15315.080000 0.529163
15316.320000 0.529162
15317.570000 0.529162
15318.810000 0.529161
15320.050000 0.529158
15321.290000 0.529102
15322.540000 0.529046
15323.780000 0.528991
15325.020000 0.528926
15326.270000 0.528857
15327.510000 0.528787
15328.750000 0.528718
15330.000000 0.528648
15331.240000 0.528633
15332.480000 0.528619
15333.730000 0.528604
15334.970000 0.528633
15336.210000 0.528687
15337.460000 0.528741
15338.700000 0.528795
15339.950000 0.528849
15341.190000 0.528851
15342.440000 0.528850
15343.680000 0.528849
15344.930000 0.528804
15346.170000 0.528727
15347.420000 0.528651
15348.660000 0.528574
15349.910000 0.528498
15351.150000 0.528473
15352.400000 0.528451
15353.640000 0.528430
15354.890000 0.528412
15356.130000 0.528397
15357.380000 0.528383
15358.620000 0.528368
15359.870000 0.528354
15361.120000 0.528339
15362.360000 0.528324
15363.610000 0.528310
15364.860000 0.528342
15366.100000 0.528417
15367.350000 0.528491
15368.590000 0.528566
15369.840000 0.528641
15371.090000 0.528667
15372.330000 0.528687
15373.580000 0.528706
15374.830000 0.528709
15376.080000 0.528694
15377.320000 0.528679
15378.570000 0.528664
15379.820000 0.528649
15381.070000 0.528681
15382.310000 0.528721
15383.560000 0.528762
15384.810000 0.528792
15386.060000 0.528812
15387.310000 0.528831
15388.550000 0.528851
15389.800000 0.528870
15391.050000 0.528844
15392.300000 0.528808
15393.550000 0.528772
15394.800000 0.528776
15396.050000 0.528823
15397.290000 0.528869
15398.540000 0.528916
15399.790000 0.528963
15401.040000 0.529058
15402.290000 0.529163
15403.540000 0.529269
15404.790000 0.529351
15406.040000 0.529409
15407.290000 0.529466
15408.540000 0.529523
15409.790000 0.529581
15411.040000 0.529591
15412.290000 0.529593
15413.540000 0.529595
15414.790000 0.529590
15416.040000 0.529578
15417.290000 0.529567
15418.540000 0.529555
15419.790000 0.529543
15421.040000 0.529577
15422.300000 0.529620
15423.550000 0.529664
15424.800000 0.529730
15426.050000 0.529821
15427.300000 0.529913
15428.550000 0.530004
15429.800000 0.530096
15431.060000 0.530140
15432.310000 0.530176
15433.560000 0.530212
15434.810000 0.530218
15436.060000 0.530192
15437.320000 0.530166
15438.570000 0.530140
15439.820000 0.530114
15441.070000 0.530136
15442.330000 0.530166
15443.580000 0.530195
15444.830000 0.530255
15446.080000 0.530346
15447.340000 0.530438
15448.590000 0.530529
15449.840000 0.530621
15451.100000 0.530663
15452.350000 0.530699
15453.600000 0.530734
15454.860000 0.530763
15456.110000 0.530784
15457.370000 0.530806
15458.620000 0.530828
15459.870000 0.530850
15461.130000 0.530871
15462.380000 0.530893
15463.640000 0.530915
15464.890000 0.530936
15466.140000 0.530958
15467.400000 0.530980
15468.650000 0.531001
15469.910000 0.531023
15471.160000 0.531096
15472.420000 0.531173
15473.670000 0.531251
15474.930000 0.531309
15476.180000 0.531352
15477.440000 0.531396
15478.700000 0.531439
15479.950000 0.531482
15481.210000 0.531471
15482.460000 0.531458
15483.720000 0.531445
15484.980000 0.531420
15486.230000 0.531387
15487.490000 0.531353
15488.740000 0.531320
15490.000000 0.531286
15491.260000 0.531309
15492.510000 0.531331
15493.770000 0.531354
15495.030000 0.531385
15496.280000 0.531422
15497.540000 0.531458
15498.800000 0.531494
15500.060000 0.531529
15501.310000 0.531527
15502.570000 0.531525
15503.830000 0.531523
15505.090000 0.531525
15506.340000 0.531530
15507.600000 0.531535
15508.860000 0.531540
15510.120000 0.531550
15511.380000 0.531611
15512.630000 0.531672
15513.890000 0.531733
15515.150000 0.531789
15516.410000 0.531844
15517.670000 0.531898
15518.930000 0.531952
15520.190000 0.531998
15521.450000 0.531996
15522.710000 0.531994
15523.960000 0.531991
15525.220000 0.531984
15526.480000 0.531975
15527.740000 0.531966
15529.000000 0.531957
15530.260000 0.531959
15531.520000 0.532007
15532.780000 0.532054
15534.040000 0.532102
15535.300000 0.532137
15536.560000 0.532171
15537.820000 0.532204
15539.080000 0.532238
15540.340000 0.532257
15541.600000 0.532234
15542.870000 0.532211
15544.130000 0.532188
15545.390000 0.532153
15546.650000 0.532116
15547.910000 0.532080
15549.170000 0.532043
15550.430000 0.532006
15551.690000 0.531970
15552.960000 0.531933
15554.220000 0.531896
15555.480000 0.531933
15556.740000 0.531972
15558.000000 0.532011
15559.260000 0.532049
15560.530000 0.532111
15561.790000 0.532207
15563.050000 0.532302
15564.310000 0.532390
15565.580000 0.532335
15566.840000 0.532279
15568.100000 0.532224
15569.370000 0.532168
15570.630000 0.532085
15571.890000 0.531972
15573.150000 0.531860
15574.420000 0.531747
15575.680000 0.531628
15576.940000 0.531509
15578.210000 0.531390
15579.470000 0.531272
15580.740000 0.531186
15582.000000 0.531123
15583.260000 0.531061
15584.530000 0.530959
15585.790000 0.530712
15587.060000 0.530465
15588.320000 0.530217
15589.590000 0.529970
15590.850000 0.529685
15592.120000 0.529381
15593.380000 0.529077
15594.640000 0.528705
15595.910000 0.528174
15597.170000 0.527645
15598.440000 0.527115
15599.710000 0.526585
15600.970000 0.526096
15602.240000 0.525619
15603.500000 0.525142
15604.770000 0.524498
15606.030000 0.523603
15607.300000 0.522707
15608.570000 0.521813
15609.830000 0.520918
15611.100000 0.519975
15612.370000 0.519024
15613.630000 0.518073
15614.900000 0.516742
15616.170000 0.515032
15617.430000 0.513322
15618.700000 0.511611
15619.970000 0.509901
15621.230000 0.508191
15622.500000 0.506482
15623.770000 0.504773
15625.040000 0.502479
15626.300000 0.499805
15627.570000 0.497132
15628.840000 0.494459
15630.110000 0.491791
15631.370000 0.489171
15632.640000 0.486552
15633.910000 0.483931
15635.180000 0.480442
15636.450000 0.476611
15637.710000 0.472777
15638.980000 0.468943
15640.250000 0.465097
15641.520000 0.461214
15642.790000 0.457332
15644.060000 0.453448
15645.330000 0.448487
15646.600000 0.443304
15647.870000 0.438126
15649.140000 0.432945
15650.410000 0.427765
15651.670000 0.422587
15652.950000 0.417406
15654.210000 0.412231
15655.480000 0.406027
15656.750000 0.399768
15658.020000 0.393515
15659.290000 0.387259
15660.570000 0.381023
15661.840000 0.374811
15663.110000 0.368598
15664.380000 0.362328
15665.650000 0.355369
15666.920000 0.348411
15668.190000 0.341447
15669.460000 0.334489
15670.730000 0.327505
15672.000000 0.320508
15673.270000 0.313513
15674.550000 0.306500
15675.820000 0.299413
15677.090000 0.292328
15678.360000 0.285244
15679.630000 0.278157
15680.900000 0.271099
15682.180000 0.264043
15683.450000 0.256994
15684.720000 0.250122
15685.990000 0.243602
15687.270000 0.237083
15688.540000 0.230563
15689.810000 0.224039
15691.080000 0.217500
15692.360000 0.210959
15693.630000 0.204415
15694.900000 0.198287
15696.180000 0.192607
15697.450000 0.186923
15698.720000 0.181242
15700.000000 0.175562
15701.270000 0.169883
15702.540000 0.164201
15703.820000 0.158526
15705.090000 0.153420
15706.370000 0.148657
15707.640000 0.143891
15708.910000 0.139127
15710.190000 0.134366
15711.460000 0.129618
15712.740000 0.124870
15714.010000 0.120123
15715.290000 0.116164
15716.560000 0.112430
15717.840000 0.108694
15719.110000 0.104961
15720.390000 0.101222
15721.660000 0.097475
15722.940000 0.093730
15724.210000 0.089986
15725.490000 0.086992
15726.760000 0.084051
15728.040000 0.081108
15729.320000 0.078168
15730.590000 0.075227
15731.870000 0.072286
15733.140000 0.069346
15734.420000 0.066482
15735.700000 0.064322
15736.970000 0.062161
15738.250000 0.060002
15739.530000 0.057843
15740.800000 0.055686
15742.080000 0.053534
15743.360000 0.051380
15744.630000 0.049376
15745.910000 0.047794
15747.190000 0.046212
15748.470000 0.044630
15749.740000 0.043048
15751.020000 0.041463
15752.300000 0.039876
15753.580000 0.038290
15754.860000 0.036872
15756.130000 0.035677
15757.410000 0.034482
15758.690000 0.033287
15759.970000 0.032092
15761.250000 0.030898
15762.530000 0.029704
15763.800000 0.028509
15765.080000 0.027503
15766.360000 0.026617
15767.640000 0.025732
15768.920000 0.024847
15770.200000 0.023962
15771.480000 0.023077
15772.760000 0.022192
15774.040000 0.021307
15775.320000 0.020605
15776.600000 0.019953
15777.880000 0.019300
15779.160000 0.018648
15780.440000 0.017996
15781.720000 0.017346
15783.000000 0.016696
15784.280000 0.016045
15785.560000 0.015568
15786.840000 0.015096
15788.120000 0.014624
15789.400000 0.014151
15790.680000 0.013678
15791.960000 0.013204
15793.240000 0.012730
15794.520000 0.012279
15795.810000 0.011942
15797.090000 0.011605
15798.370000 0.011269
15799.650000 0.010932
15800.930000 0.010595
15802.210000 0.010259
15803.500000 0.009923
15804.780000 0.009596
15806.060000 0.009285
15807.340000 0.008975
15808.620000 0.008665
15809.910000 0.008355
15811.190000 0.008045
15812.470000 0.007736
15813.750000 0.007427
15815.040000 0.007187
15816.320000 0.007001
15817.600000 0.006816
15818.890000 0.006630
15820.170000 0.006445
15821.450000 0.006258
15822.740000 0.006072
15824.020000 0.005886
15825.300000 0.005715
15826.590000 0.005548
15827.870000 0.005382
15829.160000 0.005215
15830.440000 0.005049
15831.720000 0.004883
15833.010000 0.004716
15834.290000 0.004550
15835.580000 0.004411
15836.860000 0.004272
15838.150000 0.004133
15839.430000 0.003995
15840.720000 0.003856
15842.000000 0.003718
15843.290000 0.003579
15844.570000 0.003450
15845.860000 0.003359
15847.140000 0.003269
15848.430000 0.003178
15849.710000 0.003088
15851.000000 0.002997
15852.290000 0.002907
15853.570000 0.002817
15854.860000 0.002729
15856.140000 0.002644
15857.430000 0.002559
15858.720000 0.002474
15860.000000 0.002390
15861.290000 0.002305
15862.580000 0.002219
15863.860000 0.002134
15865.150000 0.002084
15866.440000 0.002054
15867.720000 0.002024
15869.010000 0.001993
15870.300000 0.001963
15871.590000 0.001933
15872.870000 0.001903
15874.160000 0.001872
15875.450000 0.001812
15876.740000 0.001748
15878.020000 0.001684
15879.310000 0.001619
15880.600000 0.001555
15881.890000 0.001490
15883.180000 0.001426
15884.470000 0.001366
15885.750000 0.001350
15887.040000 0.001333
15888.330000 0.001317
15889.620000 0.001300
15890.910000 0.001284
15892.200000 0.001267
15893.490000 0.001251
15894.780000 0.001225
15896.070000 0.001182
15897.360000 0.001138
15898.650000 0.001094
15899.940000 0.001050
15901.230000 0.001007
15902.520000 0.000963
15903.810000 0.000919
15905.100000 0.000904
15906.390000 0.000909
15907.680000 0.000914
15908.970000 0.000920
15910.260000 0.000925
15911.550000 0.000930
15912.840000 0.000936
15914.130000 0.000941
15915.420000 0.000912
15916.710000 0.000877
15918.000000 0.000841
15919.290000 0.000806
15920.590000 0.000770
15921.880000 0.000734
15923.170000 0.000699
15924.460000 0.000664
15925.750000 0.000642
15927.040000 0.000620
15928.340000 0.000598
15929.630000 0.000577
15930.920000 0.000555
15932.210000 0.000533
15933.510000 0.000511
15934.800000 0.000494
15936.090000 0.000485
15937.380000 0.000477
15938.680000 0.000469
15939.970000 0.000461
15941.260000 0.000452
15942.560000 0.000444
15943.850000 0.000436
15945.140000 0.000432
15946.440000 0.000431
15947.730000 0.000429
15949.020000 0.000428
15950.320000 0.000426
15951.610000 0.000425
15952.910000 0.000424
15954.200000 0.000422
15955.490000 0.000423
15956.790000 0.000424
15958.080000 0.000426
15959.380000 0.000427
15960.670000 0.000428
15961.970000 0.000430
15963.260000 0.000431
15964.560000 0.000431
15965.850000 0.000426
15967.150000 0.000420
15968.440000 0.000415
15969.740000 0.000409
15971.030000 0.000404
