16745.000000 0.004021
16746.000000 0.004199
16748.000000 0.004385
16749.000000 0.004578
16751.000000 0.004779
16752.000000 0.004988
16754.000000 0.005205
16755.000000 0.005430
16757.000000 0.005664
16758.000000 0.005907
16760.000000 0.006159
16761.000000 0.006421
16763.000000 0.006693
16764.000000 0.006975
16766.000000 0.007267
16767.000000 0.007570
16769.000000 0.007885
16770.000000 0.008211
16772.000000 0.008549
16773.000000 0.008900
16775.000000 0.009263
16776.000000 0.009639
16778.000000 0.010028
16779.000000 0.010431
16781.000000 0.010849
16782.000000 0.011281
16784.000000 0.011728
16785.000000 0.012191
16787.000000 0.012670
16788.000000 0.013165
16790.000000 0.013676
16791.000000 0.014205
16793.000000 0.014752
16794.000000 0.015317
16796.000000 0.015901
16797.000000 0.016504
16799.000000 0.017127
16800.000000 0.017770
16802.000000 0.018433
16803.000000 0.019118
16805.000000 0.019825
16806.000000 0.020554
16808.000000 0.021306
16809.000000 0.022082
16811.000000 0.022881
16812.000000 0.023705
16814.000000 0.024554
16815.000000 0.025429
16817.000000 0.026331
16818.000000 0.027259
16820.000000 0.028215
16821.000000 0.029199
16823.000000 0.030211
16824.000000 0.031253
16826.000000 0.032325
16827.000000 0.033428
16829.000000 0.034562
16830.000000 0.035728
16832.000000 0.036926
16833.000000 0.038157
16835.000000 0.039423
16836.000000 0.040722
16838.000000 0.042057
16839.000000 0.043428
16841.000000 0.044835
16842.000000 0.046279
16844.000000 0.047761
16845.000000 0.049281
16847.000000 0.050840
16848.000000 0.052440
16850.000000 0.054079
16851.000000 0.055759
16853.000000 0.057481
16854.000000 0.059245
16856.000000 0.061053
16857.000000 0.062903
16859.000000 0.064798
16860.000000 0.066738
16862.000000 0.068723
16863.000000 0.070754
16865.000000 0.072832
16866.000000 0.074957
16868.000000 0.077130
16869.000000 0.079351
16871.000000 0.081621
16872.000000 0.083941
16874.000000 0.086311
16875.000000 0.088731
16877.000000 0.091203
16878.000000 0.093726
16880.000000 0.096301
16881.000000 0.098928
16883.000000 0.101609
16884.000000 0.104343
16886.000000 0.107131
16887.000000 0.109973
16889.000000 0.112870
16890.000000 0.115822
16892.000000 0.118829
16893.000000 0.121892
16895.000000 0.125011
16896.000000 0.128186
16898.000000 0.131418
16899.000000 0.134706
16901.000000 0.138051
16902.000000 0.141453
16904.000000 0.144912
16905.000000 0.148429
16907.000000 0.152003
16908.000000 0.155635
16910.000000 0.159324
16911.000000 0.163070
16913.000000 0.166874
16914.000000 0.170735
16916.000000 0.174653
16917.000000 0.178628
16919.000000 0.182661
16920.000000 0.186749
16922.000000 0.190895
16923.000000 0.195096
16925.000000 0.199353
16926.000000 0.203666
16928.000000 0.208034
16929.000000 0.212456
16931.000000 0.216932
16932.000000 0.221462
16934.000000 0.226045
16935.000000 0.230681
16937.000000 0.235368
16938.000000 0.240106
16940.000000 0.244895
16941.000000 0.249733
16943.000000 0.254620
16944.000000 0.259555
16946.000000 0.264536
16947.000000 0.269564
16949.000000 0.274637
16950.000000 0.279754
16952.000000 0.284914
16953.000000 0.290115
16955.000000 0.295357
16956.000000 0.300639
16958.000000 0.305959
16959.000000 0.311316
16961.000000 0.316708
16962.000000 0.322134
16964.000000 0.327593
16965.000000 0.333083
16967.000000 0.338603
16968.000000 0.344152
16970.000000 0.349726
16971.000000 0.355326
16973.000000 0.360949
16974.000000 0.366594
16976.000000 0.372258
16977.000000 0.377940
16979.000000 0.383639
16980.000000 0.389352
16982.000000 0.395077
16983.000000 0.400813
16985.000000 0.406557
16986.000000 0.412307
16988.000000 0.418063
16989.000000 0.423820
16991.000000 0.429578
16992.000000 0.435334
16994.000000 0.441086
16995.000000 0.446831
16997.000000 0.452569
16998.000000 0.458295
17000.000000 0.464009
17001.000000 0.469708
17003.000000 0.475389
17004.000000 0.481050
17006.000000 0.486689
17007.000000 0.492304
17009.000000 0.497892
17010.000000 0.503451
17012.000000 0.508978
17013.000000 0.514472
17015.000000 0.519929
17016.000000 0.525347
17018.000000 0.530724
17019.000000 0.536057
17021.000000 0.541345
17022.000000 0.546584
17024.000000 0.551773
17025.000000 0.556908
17027.000000 0.561987
17028.000000 0.567009
17030.000000 0.571970
17031.000000 0.576869
17033.000000 0.581702
17034.000000 0.586469
17036.000000 0.591165
17037.000000 0.595790
17039.000000 0.600340
17040.000000 0.604814
17042.000000 0.609209
17043.000000 0.613523
17045.000000 0.617754
17046.000000 0.621900
17048.000000 0.625958
17049.000000 0.629927
17051.000000 0.633805
17052.000000 0.637589
17054.000000 0.641278
17055.000000 0.644870
17057.000000 0.648362
17058.000000 0.651754
17060.000000 0.655043
17061.000000 0.658227
17063.000000 0.661305
17064.000000 0.664276
17066.000000 0.667137
17067.000000 0.669887
17069.000000 0.672524
17070.000000 0.675048
17072.000000 0.677457
17073.000000 0.679750
17075.000000 0.681924
17076.000000 0.683980
17078.000000 0.685916
17079.000000 0.687731
17081.000000 0.689424
17082.000000 0.690994
17084.000000 0.692440
17085.000000 0.693761
17087.000000 0.694957
17088.000000 0.696028
17090.000000 0.696971
17091.000000 0.697788
17093.000000 0.698477
17094.000000 0.699038
17096.000000 0.699471
17097.000000 0.699776
17099.000000 0.699952
17100.000000 0.699999
17102.000000 0.699917
17103.000000 0.699707
17105.000000 0.699368
17106.000000 0.698901
17108.000000 0.698306
17109.000000 0.697583
17111.000000 0.696732
17112.000000 0.695755
17114.000000 0.694651
17115.000000 0.693421
17117.000000 0.692066
17118.000000 0.690587
17120.000000 0.688984
17121.000000 0.687259
17123.000000 0.685411
17124.000000 0.683443
17126.000000 0.681356
17127.000000 0.679150
17129.000000 0.676826
17130.000000 0.674386
17132.000000 0.671832
17133.000000 0.669164
17135.000000 0.666384
17136.000000 0.663494
17138.000000 0.660495
17139.000000 0.657388
17141.000000 0.654176
17142.000000 0.650860
17144.000000 0.647441
17145.000000 0.643922
17147.000000 0.640304
17148.000000 0.636589
17150.000000 0.632780
17151.000000 0.628878
17153.000000 0.624884
17154.000000 0.620803
17156.000000 0.616634
17157.000000 0.612380
17159.000000 0.608044
17160.000000 0.603628
17162.000000 0.599134
17163.000000 0.594564
17165.000000 0.589920
17166.000000 0.585204
17168.000000 0.580420
17169.000000 0.575569
17171.000000 0.570653
17172.000000 0.565676
17174.000000 0.560638
17175.000000 0.555544
17177.000000 0.550394
17178.000000 0.545192
17180.000000 0.539940
17181.000000 0.534640
17183.000000 0.529294
17184.000000 0.523906
17186.000000 0.518477
17187.000000 0.513010
17189.000000 0.507508
17190.000000 0.501972
17192.000000 0.496405
17193.000000 0.490810
17195.000000 0.485188
17196.000000 0.479542
17198.000000 0.473876
17199.000000 0.468190
17201.000000 0.462487
17202.000000 0.456769
17204.000000 0.451040
17205.000000 0.445300
17207.000000 0.439552
17208.000000 0.433799
17210.000000 0.428042
17211.000000 0.422285
17213.000000 0.416528
17214.000000 0.410774
17216.000000 0.405024
17217.000000 0.399282
17219.000000 0.393549
17220.000000 0.387827
17222.000000 0.382118
17223.000000 0.376423
17225.000000 0.370746
17226.000000 0.365086
17228.000000 0.359447
17229.000000 0.353830
17231.000000 0.348237
17232.000000 0.342669
17234.000000 0.337129
17235.000000 0.331616
17237.000000 0.326134
17238.000000 0.320684
17240.000000 0.315266
17241.000000 0.309883
17243.000000 0.304536
17244.000000 0.299227
17246.000000 0.293956
17247.000000 0.288724
17249.000000 0.283533
17250.000000 0.278385
17252.000000 0.273280
17253.000000 0.268219
17255.000000 0.263203
17256.000000 0.258234
17258.000000 0.253312
17259.000000 0.248438
17261.000000 0.243613
17262.000000 0.238838
17264.000000 0.234113
17265.000000 0.229440
17267.000000 0.224818
17268.000000 0.220249
17270.000000 0.215733
17271.000000 0.211271
17273.000000 0.206864
17274.000000 0.202511
17276.000000 0.198213
17277.000000 0.193970
17279.000000 0.189784
17280.000000 0.185653
17282.000000 0.181580
17283.000000 0.177563
17285.000000 0.173602
17286.000000 0.169699
17288.000000 0.165854
17289.000000 0.162065
17291.000000 0.158334
17292.000000 0.154661
17294.000000 0.151044
17295.000000 0.147486
17297.000000 0.143984
17298.000000 0.140540
17300.000000 0.137153
17301.000000 0.133823
17303.000000 0.130550
17304.000000 0.127334
17306.000000 0.124174
17307.000000 0.121070
17309.000000 0.118022
17310.000000 0.115030
17312.000000 0.112092
17313.000000 0.109210
17315.000000 0.106382
17316.000000 0.103609
17318.000000 0.100889
17319.000000 0.098222
17321.000000 0.095609
17322.000000 0.093048
17324.000000 0.090538
17325.000000 0.088081
17327.000000 0.085674
17328.000000 0.083318
17330.000000 0.081011
17331.000000 0.078754
17333.000000 0.076546
17334.000000 0.074386
17336.000000 0.072273
17337.000000 0.070208
17339.000000 0.068189
17340.000000 0.066216
17342.000000 0.064288
17343.000000 0.062406
17345.000000 0.060566
17346.000000 0.058771
17348.000000 0.057018
17349.000000 0.055307
17351.000000 0.053638
17352.000000 0.052009
17354.000000 0.050421
17355.000000 0.048872
17357.000000 0.047362
17358.000000 0.045890
17360.000000 0.044456
17361.000000 0.043059
17363.000000 0.041698
17364.000000 0.040372
17366.000000 0.039082
17367.000000 0.037826
17369.000000 0.036603
17370.000000 0.035414
17372.000000 0.034256
17373.000000 0.033131
17375.000000 0.032036
17376.000000 0.030972
17378.000000 0.029938
17379.000000 0.028933
17381.000000 0.027957
17382.000000 0.027009
17384.000000 0.026088
17385.000000 0.025194
17387.000000 0.024325
17388.000000 0.023483
17390.000000 0.022666
17391.000000 0.021873
17393.000000 0.021104
17394.000000 0.020358
17396.000000 0.019634
17397.000000 0.018934
17399.000000 0.018254
17400.000000 0.017596
17402.000000 0.016959
17403.000000 0.016341
17405.000000 0.015744
17406.000000 0.015165
17408.000000 0.014605
17409.000000 0.014063
17411.000000 0.013538
17412.000000 0.013031
17414.000000 0.012540
17415.000000 0.012066
17417.000000 0.011608
17418.000000 0.011165
17420.000000 0.010736
17421.000000 0.010323
17423.000000 0.009923
17424.000000 0.009537
17426.000000 0.009165
17427.000000 0.008805
17429.000000 0.008458
17430.000000 0.008123
17432.000000 0.007800
17433.000000 0.007489
17435.000000 0.007188
17436.000000 0.006898
17438.000000 0.006619
17439.000000 0.006350
17441.000000 0.006091
17442.000000 0.005841
17444.000000 0.005601
17445.000000 0.005369
17447.000000 0.005146
17448.000000 0.004931
17450.000000 0.004725
17451.000000 0.004526
17453.000000 0.004335
17454.000000 0.004151
